Date,Open,High,Low,Close,Adj Close,Volume
2001-01-02,6.843750,6.937500,6.703125,6.765625,5.412109,28993600
2001-01-03,6.406250,7.000000,6.343750,6.992188,5.593348,30599200
2001-01-04,6.960938,7.171875,6.921875,7.171875,5.737086,29224000
2001-01-05,7.164063,7.203125,6.859375,6.859375,5.487103,22917600
2001-01-08,6.867188,7.234375,6.757813,7.203125,5.762084,17046400
2001-01-09,7.125000,7.507813,7.062500,7.429688,5.943321,30744800
2001-01-10,7.414063,7.460938,7.242188,7.265625,5.812083,15828800
2001-01-11,7.273438,7.289063,7.101563,7.218750,5.774585,12061600
2001-01-12,7.140625,7.156250,7.015625,7.054688,5.643344,10188800
2001-01-16,7.046875,7.109375,6.843750,6.960938,5.568348,8748000
2001-01-17,6.992188,7.125000,6.921875,6.976563,5.580847,12588800
2001-01-18,6.984375,7.078125,6.968750,7.007813,5.605846,6805600
2001-01-19,6.937500,6.992188,6.500000,6.554688,5.243375,21124800
2001-01-22,6.359375,6.781250,6.359375,6.617188,5.293369,9307200
2001-01-23,6.687500,6.703125,6.507813,6.640625,5.312118,8467200
2001-01-24,6.625000,6.718750,6.468750,6.546875,5.237122,9546400
2001-01-25,6.500000,6.804688,6.492188,6.773438,5.418363,8836800
2001-01-26,6.718750,6.812500,6.546875,6.625000,5.299617,6229600
2001-01-29,6.637500,6.637500,6.425000,6.553750,5.242623,4100800
2001-01-30,6.625000,6.790000,6.563750,6.626250,5.300619,6959200
2001-01-31,6.750000,6.918750,6.673750,6.876250,5.500604,7408000
2001-02-01,6.875000,6.890000,6.772500,6.810000,5.447608,10366400
2001-02-02,6.822500,6.902500,6.758750,6.826250,5.460606,5003200
2001-02-05,6.825000,6.953750,6.822500,6.898750,5.518602,5487200
2001-02-06,6.898750,7.125000,6.898750,7.067500,5.653594,8448000
2001-02-07,7.125000,7.165000,7.036250,7.055000,5.643593,10194400
2001-02-08,7.016250,7.018750,6.760000,6.890000,5.511603,11316800
2001-02-09,6.888750,6.888750,6.755000,6.806250,5.444607,6783200
2001-02-12,6.750000,6.821250,6.750000,6.788750,5.430610,4188800
2001-02-13,6.788750,7.125000,6.788750,7.011250,5.608596,6788800
2001-02-14,7.012500,7.032500,6.782500,6.891250,5.512603,4241600
2001-02-15,6.826250,6.826250,6.526250,6.533750,5.226626,14766400
2001-02-16,6.540000,6.637500,6.440000,6.440000,5.151626,10629600
2001-02-20,6.440000,6.440000,5.938750,5.940000,4.751658,31327200
2001-02-21,6.078750,6.181250,5.876250,5.882500,4.705662,16009600
2001-02-22,5.890000,6.047500,5.671250,6.003750,4.802656,18472800
2001-02-23,6.010000,6.135000,6.003750,6.125000,4.899648,7768800
2001-02-26,6.145000,6.250000,6.067500,6.138750,4.910646,17316000
2001-02-27,5.047500,5.165000,4.771250,4.922500,3.937718,97760800
2001-02-28,4.931250,4.931250,4.661250,4.878750,3.902719,23287200
2001-03-01,4.882500,4.902500,4.697500,4.766250,3.812726,9636800
2001-03-02,4.703750,4.773750,4.688750,4.697500,3.757730,11933600
2001-03-05,4.751250,4.797500,4.668750,4.703750,3.762729,14545600
2001-03-06,4.773750,4.911250,4.753750,4.893750,3.914717,9149600
2001-03-07,4.947500,5.040000,4.935000,5.032500,4.025711,8788000
2001-03-08,5.032500,5.156250,4.953750,5.040000,4.031710,11703200
2001-03-09,5.005000,5.075000,4.940000,5.008750,4.006710,7976800
2001-03-12,5.003750,5.023750,4.886250,4.888750,3.910717,3953600
2001-03-13,4.875000,4.876250,4.667500,4.691250,3.752731,7943200
2001-03-14,4.671250,4.750000,4.563750,4.565000,3.651737,7587200
2001-03-15,4.555000,4.576250,4.435000,4.543750,3.640720,9785600
2001-03-16,4.453750,4.625000,4.427500,4.540000,3.637716,16113600
2001-03-19,4.507500,4.525000,4.415000,4.523750,3.624696,8687200
2001-03-20,4.563750,4.915000,4.556250,4.751250,3.806979,13690400
2001-03-21,5.007500,5.067500,4.940000,5.016250,4.019315,27081600
2001-03-22,5.016250,5.055000,4.908750,4.940000,3.958220,15406400
2001-03-23,4.931250,5.046250,4.790000,5.037500,4.036339,11733600
2001-03-26,5.038750,5.076250,4.887500,4.922500,3.944197,7064000
2001-03-27,4.922500,5.000000,4.810000,4.951250,3.967232,8483200
2001-03-28,5.000000,5.000000,4.793750,4.933750,3.953211,6362400
2001-03-29,4.938750,5.046250,4.938750,5.018750,4.021318,5832800
2001-03-30,5.023750,5.052500,4.813750,5.043750,4.041349,4391200
2001-04-02,5.040000,5.250000,5.040000,5.140000,4.118471,7388800
2001-04-03,5.142500,5.143750,4.810000,4.907500,3.932177,6492800
2001-04-04,4.907500,5.023750,4.891250,4.953750,3.969234,5100000
2001-04-05,5.047500,5.060000,4.791250,4.922500,3.944197,13628800
2001-04-06,4.922500,4.922500,4.806250,4.905000,3.930176,6812800
2001-04-09,4.943750,5.012500,4.887500,4.937500,3.956213,4030400
2001-04-10,4.968750,4.997500,4.755000,4.927500,3.948203,15030400
2001-04-11,4.896250,4.925000,4.750000,4.756250,3.810988,10657600
2001-04-12,4.737500,4.775000,4.537500,4.682500,3.751894,13772000
2001-04-16,4.713750,4.796250,4.575000,4.618750,3.700814,14552000
2001-04-17,4.575000,4.712500,4.572500,4.650000,3.725852,8573600
2001-04-18,4.606250,4.793750,4.593750,4.780000,3.830017,20862400
2001-04-19,4.811250,5.031250,4.811250,4.950000,3.966232,16092000
2001-04-20,4.962500,4.995000,4.868750,4.967500,3.980251,9133600
2001-04-23,4.952500,5.018750,4.880000,4.975000,3.986264,6832000
2001-04-24,4.947500,4.951250,4.781250,4.781250,3.831019,6303200
2001-04-25,4.762500,4.918750,4.762500,4.872500,3.904133,4781600
2001-04-26,4.875000,5.050000,4.870000,4.978750,3.989267,7180000
2001-04-27,4.993750,5.256250,4.988750,5.202500,4.168550,11600800
2001-04-30,5.202500,5.252500,5.138750,5.226250,4.187580,9381600
2001-05-01,5.150000,5.225000,5.072500,5.072500,4.064385,7025600
2001-05-02,5.072500,5.235000,5.062500,5.195000,4.162539,4779200
2001-05-03,5.131250,5.131250,5.007500,5.117500,4.100442,5381600
2001-05-04,5.040000,5.170000,4.938750,5.077500,4.068393,6878400
2001-05-07,5.065000,5.107500,5.018750,5.065000,4.058377,4399200
2001-05-08,5.063750,5.137500,5.000000,5.120000,4.102445,4370400
2001-05-09,5.012500,5.050000,4.988750,5.002500,4.008296,13472800
2001-05-10,4.998750,5.125000,4.907500,4.922500,3.944197,14444800
2001-05-11,4.935000,4.950000,4.781250,4.798750,3.845041,15259200
2001-05-14,4.812500,4.875000,4.807500,4.857500,3.892115,5295200
2001-05-15,4.862500,5.012500,4.862500,4.950000,3.966232,8804800
2001-05-16,4.918750,5.255000,4.918750,5.251250,4.207611,8776000
2001-05-17,5.220000,5.350000,5.200000,5.287500,4.236656,16219200
2001-05-18,5.288750,5.317500,5.250000,5.300000,4.246671,8616000
2001-05-21,5.312500,5.467500,5.292500,5.460000,4.374872,7160000
2001-05-22,5.656250,5.717500,5.625000,5.636250,4.516096,13677600
2001-05-23,5.618750,5.620000,5.365000,5.462500,4.376877,11368800
2001-05-24,5.437500,5.505000,5.405000,5.468750,4.381884,3976000
2001-05-25,5.437500,5.512500,5.425000,5.435000,4.354842,5265600
2001-05-29,5.386250,5.390000,5.281250,5.307500,4.252682,8752000
2001-05-30,5.212500,5.237500,5.056250,5.125000,4.106452,17573600
2001-05-31,5.093750,5.190000,5.087500,5.137500,4.116465,11191200
2001-06-01,5.150000,5.168750,5.083750,5.163750,4.137502,7395200
2001-06-04,5.162500,5.176250,5.100000,5.145000,4.122477,4694400
2001-06-05,5.145000,5.231250,5.145000,5.177500,4.148516,6280000
2001-06-06,5.206250,5.215000,5.152500,5.175000,4.146514,4986400
2001-06-07,5.175000,5.492500,5.175000,5.292500,4.240663,12457600
2001-06-08,5.200000,5.287500,5.160000,5.202500,4.168550,3804800
2001-06-11,5.227500,5.243750,5.131250,5.148750,4.125483,5498400
2001-06-12,5.137500,5.247500,5.112500,5.233750,4.193587,6781600
2001-06-13,5.212500,5.218750,5.112500,5.168750,4.147450,4986400
2001-06-14,5.172500,5.225000,5.157500,5.181250,4.157479,7860800
2001-06-15,5.181250,5.200000,5.081250,5.113750,4.103316,12663200
2001-06-18,5.100000,5.125000,5.073750,5.101250,4.093286,5157600
2001-06-19,5.103750,5.356250,5.093750,5.326250,4.273831,10737600
2001-06-20,5.257500,5.418750,5.218750,5.250000,4.212644,10246400
2001-06-21,5.218750,5.531250,5.206250,5.441250,4.366105,17780000
2001-06-22,5.472500,5.581250,5.335000,5.568750,4.468414,8082400
2001-06-25,5.581250,5.625000,5.407500,5.500000,4.413247,9700000
2001-06-26,5.475000,5.475000,5.290000,5.343750,4.287870,11744000
2001-06-27,5.262500,5.531250,5.262500,5.332500,4.278845,6638400
2001-06-28,5.375000,5.437500,5.062500,5.247500,4.210640,40526400
2001-06-29,5.262500,5.312500,5.238750,5.248750,4.211647,23972800
2001-07-02,5.225000,5.418750,5.225000,5.268750,4.227690,12188000
2001-07-03,5.243750,5.363750,5.218750,5.315000,4.264799,5087200
2001-07-05,5.315000,5.337500,5.213750,5.261250,4.221673,11560800
2001-07-06,5.261250,5.312500,5.193750,5.225000,4.192586,7800000
2001-07-09,5.187500,5.281250,5.168750,5.187500,4.162495,4908000
2001-07-10,5.158750,5.218750,5.041250,5.141250,4.125383,8885600
2001-07-11,5.141250,5.437500,5.135000,5.295000,4.248755,7352800
2001-07-12,5.296250,5.748750,5.296250,5.625000,4.513550,13215200
2001-07-13,5.593750,5.731250,5.515000,5.641250,4.526589,6738400
2001-07-16,5.642500,5.893750,5.640000,5.800000,4.653972,14795200
2001-07-17,5.800000,5.915000,5.726250,5.868750,4.709137,9413600
2001-07-18,5.806250,5.825000,5.720000,5.748750,4.612848,7651200
2001-07-19,5.748750,6.005000,5.581250,5.967500,4.788374,21112000
2001-07-20,5.965000,6.012500,5.875000,5.920000,4.750260,8193600
2001-07-23,5.888750,5.931250,5.706250,5.777500,4.635915,10483200
2001-07-24,5.775000,5.850000,5.656250,5.756250,4.618863,6176000
2001-07-25,5.695000,5.868750,5.603750,5.847500,4.692086,6352000
2001-07-26,5.802500,5.981250,5.772500,5.980000,4.798403,7420000
2001-07-27,5.900000,5.962500,5.806250,5.850000,4.694090,8160000
2001-07-30,5.831250,5.862500,5.725000,5.762500,4.623881,9475200
2001-07-31,5.762500,5.950000,5.700000,5.943750,4.769317,11809600
2001-08-01,5.908750,6.001250,5.807500,5.976250,4.795396,6523200
2001-08-02,6.040000,6.251250,6.031250,6.223750,4.993989,17220000
2001-08-03,6.223750,6.268750,6.148750,6.268750,5.030101,9455200
2001-08-06,6.175000,6.212500,5.868750,5.941250,4.767311,14084000
2001-08-07,5.941250,6.018750,5.906250,5.971250,4.791384,5502400
2001-08-08,5.960000,6.038750,5.937500,6.000000,4.814453,9898400
2001-08-09,5.987500,6.132500,5.956250,6.081250,4.879647,9937600
2001-08-10,6.050000,6.187500,5.912500,6.180000,4.958886,5316800
2001-08-13,6.147500,6.243750,6.118750,6.210000,4.982960,6129600
2001-08-14,6.210000,6.220000,6.126250,6.187500,4.964900,3258400
2001-08-15,6.218750,6.247500,6.068750,6.093750,4.889677,7245600
2001-08-16,6.087500,6.148750,6.025000,6.126250,4.915756,5716800
2001-08-17,6.062500,6.123750,6.062500,6.091250,4.887671,5426400
2001-08-20,6.093750,6.130000,6.001250,6.026250,4.835515,6202400
2001-08-21,6.031250,6.131250,5.965000,6.080000,4.878644,10111200
2001-08-22,6.048750,6.131250,5.942500,6.112500,4.904723,6225600
2001-08-23,6.100000,6.175000,6.005000,6.153750,4.937822,9220800
2001-08-24,6.162500,6.475000,6.143750,6.410000,5.143438,13169600
2001-08-27,6.312500,6.371250,6.270000,6.312500,5.065204,7254400
2001-08-28,6.281250,6.356250,6.281250,6.312500,5.065204,7459200
2001-08-29,6.300000,6.368750,6.281250,6.281250,5.040129,5089600
2001-08-30,6.281250,6.282500,6.162500,6.188750,4.965905,7333600
2001-08-31,6.188750,6.397500,6.188750,6.250000,5.015054,8666400
2001-09-04,6.281250,6.500000,6.275000,6.343750,5.090280,13728000
2001-09-05,6.350000,6.350000,6.156250,6.312500,5.065204,10056800
2001-09-06,6.312500,6.375000,6.188750,6.266250,5.028092,8446400
2001-09-07,6.168750,6.250000,5.945000,6.063750,4.865605,14432800
2001-09-10,6.022500,6.206250,6.022500,6.081250,4.879647,7283200
2001-09-17,5.625000,5.687500,5.496250,5.506250,4.423718,18979200
2001-09-18,5.506250,5.530000,5.380000,5.380000,4.322289,25150400
2001-09-19,5.406250,5.531250,5.242500,5.343750,4.293165,24913600
2001-09-20,5.218750,5.412500,5.093750,5.282500,4.243957,19208800
2001-09-21,5.187500,5.568750,5.168750,5.460000,4.386562,40428800
2001-09-24,5.587500,5.918750,5.587500,5.801250,4.660721,12559200
2001-09-25,5.750000,5.837500,5.690000,5.706250,4.584398,9951200
2001-09-26,5.787500,5.891250,5.631250,5.681250,4.564315,13273600
2001-09-27,5.681250,5.737500,5.503750,5.693750,4.574357,13406400
2001-09-28,5.762500,5.912500,5.657500,5.851250,4.700892,10322400
2001-10-01,5.847500,5.976250,5.768750,5.861250,4.708925,8278400
2001-10-02,5.861250,6.030000,5.850000,6.007500,4.826423,10900000
2001-10-03,5.910000,6.300000,5.906250,6.118750,4.915801,13999200
2001-10-04,6.112500,6.122500,5.922500,5.952500,4.782235,9056000
2001-10-05,5.887500,5.998750,5.843750,5.975000,4.800311,12214400
2001-10-08,5.976250,5.996250,5.906250,5.925000,4.760143,12100000
2001-10-09,5.912500,5.925000,5.831250,5.845000,4.695869,11063200
2001-10-10,5.845000,6.066250,5.812500,6.031250,4.845504,16685600
2001-10-11,6.062500,6.248750,5.927500,5.988750,4.811357,16228800
2001-10-12,5.975000,6.028750,5.801250,6.010000,4.828433,11457600
2001-10-15,6.010000,6.012500,5.856250,5.956250,4.785246,9600000
2001-10-16,5.878750,6.000000,5.875000,5.941250,4.773198,13043200
2001-10-17,5.948750,6.027500,5.881250,5.928750,4.763155,8213600
2001-10-18,5.881250,6.010000,5.881250,5.952500,4.782235,6332000
2001-10-19,5.943750,6.028750,5.925000,6.016250,4.833452,12712800
2001-10-22,5.993750,6.200000,5.993750,6.165000,4.952957,10716800
2001-10-23,6.193750,6.370000,6.141250,6.141250,4.933876,12030400
2001-10-24,6.156250,6.193750,6.062500,6.097500,4.898728,3948800
2001-10-25,6.000000,6.137500,5.987500,6.123750,4.919816,9764800
2001-10-26,6.125000,6.246250,6.120000,6.205000,4.985094,8450400
2001-10-29,6.205000,6.218750,6.093750,6.106250,4.905759,5242400
2001-10-30,6.112500,6.112500,5.987500,6.007500,4.826423,8999200
2001-10-31,6.050000,6.262500,6.050000,6.170000,4.956976,16315200
2001-11-01,6.075000,6.127500,5.956250,6.122500,4.918814,12476000
2001-11-02,6.101250,6.198750,6.088750,6.147500,4.938897,4517600
2001-11-05,6.175000,6.246250,6.138750,6.185000,4.969026,3059200
2001-11-06,6.160000,6.268750,6.157500,6.246250,5.018234,5361600
2001-11-07,6.247500,6.250000,6.147500,6.217500,4.995137,7430400
2001-11-08,6.237500,6.280000,6.190000,6.230000,5.005181,6240000
2001-11-09,6.230000,6.243750,6.137500,6.193750,4.976056,2723200
2001-11-12,6.193750,6.195000,6.030000,6.171250,4.957980,3999200
2001-11-13,6.237500,6.256250,6.212500,6.247500,5.019238,8261600
2001-11-14,6.268750,6.450000,6.262500,6.445000,5.177911,12618400
2001-11-15,6.445000,6.738750,6.432500,6.555000,5.266284,13776800
2001-11-16,6.556250,6.625000,6.537500,6.618750,5.317501,11053600
2001-11-19,6.625000,6.803750,6.618750,6.655000,5.346623,17625600
2001-11-20,6.693750,6.737500,6.575000,6.692500,5.376751,12739200
2001-11-21,6.687500,6.705000,6.602500,6.693750,5.377756,9084000
2001-11-23,6.687500,6.687500,6.633750,6.675000,5.362691,2711200
2001-11-26,6.681250,6.687500,6.488750,6.536250,5.251221,12923200
2001-11-27,6.518750,6.623750,6.500000,6.532500,5.248208,6218400
2001-11-28,6.502500,6.512500,6.406250,6.470000,5.197995,6448800
2001-11-29,6.435000,6.456250,6.386250,6.425000,5.161845,7641600
2001-11-30,6.450000,6.656250,6.450000,6.623750,5.321519,12154400
2001-12-03,6.622500,6.668750,6.506250,6.611250,5.311474,6876800
2001-12-04,6.560000,6.626250,6.543750,6.621250,5.319510,7030400
2001-12-05,6.602500,6.875000,6.587500,6.846250,5.500274,10920000
2001-12-06,6.875000,7.047500,6.827500,7.042500,5.657941,15729600
2001-12-07,6.937500,6.948750,6.848750,6.880000,5.527386,13519200
2001-12-10,6.900000,6.955000,6.731250,6.802500,5.465124,8631200
2001-12-11,6.862500,6.876250,6.768750,6.875000,5.523372,7176000
2001-12-12,6.876250,6.983750,6.797500,6.812500,5.473159,11228000
2001-12-13,6.781250,6.868750,6.726250,6.853750,5.512371,10440800
2001-12-14,6.618750,6.856250,6.250000,6.731250,5.413845,65985600
2001-12-17,6.668750,6.683750,6.538750,6.538750,5.259018,26223200
2001-12-18,6.511250,6.625000,6.480000,6.597500,5.306270,15545600
2001-12-19,6.633750,6.850000,6.600000,6.826250,5.490251,22935200
2001-12-20,6.781250,6.812500,6.625000,6.723750,5.407813,15624000
2001-12-21,7.012500,7.112500,6.906250,7.037500,5.660156,33040000
2001-12-24,7.081250,7.148750,7.056250,7.131250,5.735557,8288800
2001-12-26,7.168750,7.303750,7.112500,7.137500,5.740583,12077600
2001-12-27,7.156250,7.156250,7.000000,7.093750,5.705396,5219200
2001-12-28,7.068750,7.128750,7.026250,7.060000,5.678249,5465600
2001-12-31,7.060000,7.193750,7.016250,7.030000,5.654123,6570400
2002-01-02,7.040000,7.147500,7.003750,7.115000,5.722488,9688000
2002-01-03,7.143750,7.143750,7.032500,7.062500,5.680264,10716000
2002-01-04,7.062500,7.311250,7.062500,7.125000,5.730530,18803200
2002-01-07,7.187500,7.242500,7.131250,7.148750,5.749633,10421600
2002-01-08,7.068750,7.212500,7.062500,7.168750,5.765716,12569600
2002-01-09,7.168750,7.200000,7.025000,7.067500,5.684283,7919200
2002-01-10,7.018750,7.187500,7.006250,7.128750,5.733544,7835200
2002-01-11,7.062500,7.110000,6.862500,6.928750,5.572688,14765600
2002-01-14,6.928750,6.928750,6.825000,6.837500,5.499298,6080800
2002-01-15,7.031250,7.168750,7.012500,7.162500,5.760691,18412000
2002-01-16,7.162500,7.162500,7.006250,7.025000,5.650101,5040800
2002-01-17,7.037500,7.198750,7.008750,7.172500,5.768734,8780000
2002-01-18,7.150000,7.287500,7.138750,7.193750,5.785826,11547200
2002-01-22,7.262500,7.296250,7.200000,7.250000,5.831064,14525600
2002-01-23,7.250000,7.275000,7.191250,7.270000,5.847151,9128800
2002-01-24,7.262500,7.400000,7.237500,7.342500,5.905463,12901600
2002-01-25,7.312500,7.391250,7.268750,7.326250,5.892391,9368000
2002-01-28,7.287500,7.303750,7.223750,7.278750,5.854190,8718400
2002-01-29,7.310000,7.425000,7.138750,7.225000,5.810961,10406400
2002-01-30,7.193750,7.631250,7.187500,7.625000,6.132673,32193600
2002-01-31,7.593750,7.605000,7.460000,7.488750,6.023090,16327200
2002-02-01,7.481250,7.568750,7.400000,7.502500,6.034149,7840800
2002-02-04,7.475000,7.543750,7.398750,7.432500,5.977849,6024000
2002-02-05,7.450000,7.562500,7.443750,7.498750,6.031131,14220800
2002-02-06,7.450000,7.518750,7.440000,7.512500,6.042195,9764800
2002-02-07,7.512500,7.580000,7.492500,7.506250,6.037165,14716000
2002-02-08,7.450000,7.487500,7.387500,7.387500,5.941654,9759200
2002-02-11,7.400000,7.557500,7.400000,7.555000,6.076375,11110400
2002-02-12,7.523750,7.551250,7.500000,7.520000,6.048222,3904800
2002-02-13,7.512500,7.562500,7.491250,7.550000,6.072352,7305600
2002-02-14,7.533750,7.565000,7.506250,7.560000,6.080393,5942400
2002-02-15,7.547500,7.550000,7.425000,7.438750,5.982875,7847200
2002-02-19,7.412500,7.425000,7.286250,7.292500,5.865249,6598400
2002-02-20,7.262500,7.343750,7.262500,7.316250,5.884349,6187200
2002-02-21,7.260000,7.303750,7.187500,7.187500,5.780798,15360800
2002-02-22,7.212500,7.475000,7.091250,7.425000,5.971816,9350400
2002-02-25,7.368750,7.525000,7.338750,7.467500,6.005999,10842400
2002-02-26,7.500000,7.507500,7.410000,7.428750,5.974833,9015200
2002-02-27,7.450000,7.456250,7.280000,7.315000,5.883344,5548800
2002-02-28,7.346250,7.405000,7.256250,7.357500,5.917526,10628800
2002-03-01,7.350000,7.402500,7.276250,7.356250,5.916523,7475200
2002-03-04,7.325000,7.455000,7.306250,7.405000,5.955730,7805600
2002-03-05,7.381250,7.381250,7.252500,7.252500,5.833076,10219200
2002-03-06,7.250000,7.423750,7.198750,7.325000,5.891387,11372000
2002-03-07,7.325000,7.412500,7.300000,7.350000,5.911497,9264000
2002-03-08,7.412500,7.437500,7.232500,7.275000,5.851172,8812000
2002-03-11,7.175000,7.350000,7.131250,7.311250,5.880327,5996000
2002-03-12,7.280000,7.337500,7.226250,7.311250,5.880327,7266400
2002-03-13,7.342500,7.593750,7.318750,7.587500,6.102511,15831200
2002-03-14,7.625000,7.865000,7.588750,7.845000,6.315859,28416800
2002-03-15,7.845000,7.906250,7.797500,7.843750,6.314852,14512000
2002-03-18,7.845000,7.982500,7.843750,7.937500,6.390327,11933600
2002-03-19,7.938750,7.970000,7.890000,7.925000,6.380264,9704800
2002-03-20,7.875000,8.035000,7.856250,7.998750,6.439640,9429600
2002-03-21,7.943750,8.000000,7.755000,7.900000,6.360138,11281600
2002-03-22,7.437500,7.531250,7.338750,7.437500,5.987790,45276800
2002-03-25,7.437500,7.542500,7.412500,7.508750,6.045150,13555200
2002-03-26,7.508750,7.605000,7.508750,7.562500,6.088422,14090400
2002-03-27,7.553750,7.625000,7.531250,7.625000,6.138741,9327200
2002-03-28,7.568750,7.643750,7.481250,7.501250,6.039111,7105600
2002-04-01,7.450000,7.450000,7.262500,7.342500,5.911305,10740800
2002-04-02,7.311250,7.312500,7.187500,7.207500,5.802620,17763200
2002-04-03,7.145000,7.375000,7.013750,7.275000,5.856962,25100800
2002-04-04,7.250000,7.310000,7.225000,7.253750,5.839856,15709600
2002-04-05,7.285000,7.425000,7.285000,7.358750,5.924387,8512800
2002-04-08,7.268750,7.373750,7.250000,7.318750,5.892186,8042400
2002-04-09,7.300000,7.387500,7.255000,7.333750,5.904263,8849600
2002-04-10,7.312500,7.375000,7.281250,7.313750,5.888160,9764800
2002-04-11,7.312500,7.318750,7.180000,7.193750,5.791552,12962400
2002-04-12,7.218750,7.286250,7.206250,7.232500,5.822749,8440800
2002-04-15,7.250000,7.275000,7.121250,7.130000,5.740224,8157600
2002-04-16,7.127500,7.406250,7.127500,7.342500,5.911305,11281600
2002-04-17,7.311250,7.330000,7.125000,7.175000,5.776455,10640000
2002-04-18,7.087500,7.125000,6.920000,6.925000,5.575186,24531200
2002-04-19,6.956250,7.137500,6.887500,7.102500,5.718087,21612800
2002-04-22,7.102500,7.150000,7.027500,7.125000,5.736199,11625600
2002-04-23,7.093750,7.255000,7.068750,7.177500,5.778466,10249600
2002-04-24,7.137500,7.171250,6.981250,7.000000,5.635565,10952000
2002-04-25,6.968750,6.978750,6.856250,6.936250,5.584242,13184000
2002-04-26,6.946250,6.995000,6.843750,6.843750,5.509772,8363200
2002-04-29,6.812500,6.813750,6.735000,6.737500,5.424231,9502400
2002-04-30,6.750000,6.762500,6.600000,6.666250,5.366868,10550400
2002-05-01,6.612500,6.856250,6.550000,6.835000,5.502726,12188000
2002-05-02,6.780000,6.953750,6.780000,6.903750,5.558077,9292800
2002-05-03,6.950000,6.958750,6.875000,6.917500,5.569147,9031200
2002-05-06,6.886250,6.937500,6.731250,6.750000,5.434293,6404000
2002-05-07,6.825000,6.943750,6.793750,6.892500,5.549019,8880800
2002-05-08,7.031250,7.050000,6.921250,7.006250,5.640598,11174400
2002-05-09,7.012500,7.012500,6.841250,6.862500,5.524868,10512800
2002-05-10,6.837500,6.838750,6.583750,6.612500,5.323598,20409600
2002-05-13,6.652500,6.750000,6.651250,6.712500,5.404103,13024000
2002-05-14,6.810000,6.925000,6.772500,6.895000,5.551031,16344800
2002-05-15,6.875000,6.887500,6.807500,6.807500,5.480587,7164000
2002-05-16,6.838750,7.008750,6.825000,6.981250,5.620471,12305600
2002-05-17,6.993750,7.052500,6.881250,6.980000,5.619462,7981600
2002-05-20,6.962500,7.010000,6.783750,6.800000,5.474548,9714400
2002-05-21,6.831250,6.833750,6.665000,6.720000,5.410143,7502400
2002-05-22,6.688750,6.693750,6.500000,6.593750,5.308500,12484800
2002-05-23,6.625000,6.950000,6.625000,6.843750,5.509772,17653600
2002-05-24,6.843750,6.843750,6.737500,6.750000,5.434293,4313600
2002-05-28,6.725000,6.777500,6.700000,6.712500,5.404103,6865600
2002-05-29,6.721250,6.775000,6.696250,6.696250,5.391025,7258400
2002-05-30,6.693750,6.737500,6.672500,6.692500,5.388001,9542400
2002-05-31,6.675000,6.792500,6.670000,6.718750,5.409137,6962400
2002-06-03,6.708750,6.733750,6.507500,6.507500,5.239064,6782400
2002-06-04,6.406250,6.431250,6.182500,6.298750,5.071004,20084800
2002-06-05,6.281250,6.365000,6.222500,6.350000,5.112265,23251200
2002-06-06,6.350000,6.417500,6.237500,6.293750,5.066977,6863200
2002-06-07,6.256250,6.306250,6.235000,6.267500,5.045844,9258400
2002-06-10,6.277500,6.318750,6.250000,6.285000,5.059933,5749600
2002-06-11,6.285000,6.367500,6.268750,6.300000,5.072007,9564000
2002-06-12,6.291250,6.311250,6.228750,6.293750,5.073017,12732000
2002-06-13,6.262500,6.300000,6.225000,6.250000,5.037754,11324800
2002-06-14,6.250000,6.250000,6.181250,6.218750,5.012564,21538400
2002-06-17,6.250000,6.568750,6.228750,6.545000,5.275534,11135200
2002-06-18,6.513750,6.675000,6.475000,6.625000,5.340017,11430400
2002-06-19,6.626250,6.750000,6.590000,6.625000,5.340017,12220000
2002-06-20,6.575000,6.637500,6.500000,6.500000,5.239261,14919200
2002-06-21,6.437500,6.456250,6.285000,6.343750,5.113318,20275200
2002-06-24,6.345000,6.481250,6.187500,6.362500,5.128432,13702400
2002-06-25,6.393750,6.456250,6.188750,6.200000,4.997452,12780000
2002-06-26,6.200000,6.233750,6.027500,6.135000,4.945059,11421600
2002-06-27,6.281250,6.450000,6.236250,6.427500,5.180823,11546400
2002-06-28,6.812500,7.037500,6.706250,6.706250,5.405507,38186400
2002-07-01,6.793750,6.933750,6.736250,6.825000,5.501224,14140800
2002-07-02,6.825000,6.950000,6.790000,6.837500,5.511302,17796000
2002-07-03,6.843750,6.950000,6.842500,6.881250,5.546565,18846400
2002-07-05,6.912500,7.093750,6.887500,7.035000,5.670492,5763200
2002-07-08,7.087500,7.187500,7.050000,7.095000,5.718856,11368800
2002-07-09,7.096250,7.231250,6.981250,7.000000,5.642282,13620000
2002-07-10,7.003750,7.106250,6.911250,6.958750,5.609034,13750400
2002-07-11,6.918750,6.918750,6.541250,6.581250,5.304754,18399200
2002-07-12,6.718750,6.826250,6.618750,6.647500,5.358154,13425600
2002-07-15,6.647500,6.655000,6.302500,6.550000,5.279565,12742400
2002-07-16,6.625000,6.825000,6.612500,6.755000,5.444802,20492000
2002-07-17,6.950000,7.060000,6.662500,6.687500,5.390393,26277600
2002-07-18,6.695000,6.793750,6.376250,6.382500,5.144553,15584000
2002-07-19,6.262500,6.330000,6.110000,6.122500,4.934982,13297600
2002-07-22,6.018750,6.217500,5.892500,5.942500,4.789892,16643200
2002-07-23,5.942500,5.987500,5.687500,5.793750,4.669997,20030400
2002-07-24,5.643750,6.093750,5.637500,6.050000,4.876543,20493600
2002-07-25,6.056250,6.185000,5.930000,6.073750,4.895686,13172000
2002-07-26,6.105000,6.243750,6.045000,6.088750,4.907777,9958400
2002-07-29,6.143750,6.391250,6.143750,6.356250,5.123394,13128000
2002-07-30,6.325000,6.420000,6.237500,6.287500,5.067978,13300000
2002-07-31,6.256250,6.256250,5.962500,6.161250,4.966215,17416800
2002-08-01,6.062500,6.062500,5.788750,5.875000,4.735485,30043200
2002-08-02,5.818750,5.831250,5.618750,5.685000,4.582339,12247200
2002-08-05,5.653750,5.725000,5.468750,5.488750,4.424156,13232800
2002-08-06,5.537500,5.667500,5.523750,5.575000,4.493675,15705600
2002-08-07,5.637500,5.671250,5.406250,5.570000,4.489644,12808000
2002-08-08,5.538750,5.660000,5.481250,5.623750,4.532971,12080800
2002-08-09,5.562500,5.570000,5.468750,5.490000,4.425160,12630400
2002-08-12,5.425000,5.425000,5.337500,5.346250,4.309294,16540800
2002-08-13,5.350000,5.577500,5.343750,5.375000,4.332468,17048800
2002-08-14,5.387500,5.533750,5.337500,5.531250,4.458411,10160000
2002-08-15,5.530000,5.668750,5.062500,5.662500,4.564203,57087200
2002-08-16,5.618750,5.643750,5.462500,5.506250,4.438260,25323200
2002-08-19,5.485000,5.571250,5.418750,5.447500,4.390907,26128000
2002-08-20,5.447500,5.601250,5.413750,5.600000,4.513826,21135200
2002-08-21,5.625000,5.788750,5.605000,5.686250,4.583347,17446400
2002-08-22,5.706250,5.788750,5.647500,5.768750,4.649846,16512800
2002-08-23,5.741250,5.797500,5.712500,5.725000,4.614580,10257600
2002-08-26,5.718750,5.777500,5.687500,5.737500,4.624658,15488000
2002-08-27,5.812500,5.817500,5.636250,5.663750,4.565212,22111200
2002-08-28,5.656250,5.685000,5.550000,5.566250,4.486620,10277600
2002-08-29,5.401250,5.406250,5.318750,5.372500,4.330452,22445600
2002-08-30,5.381250,5.483750,5.375000,5.397500,4.350601,10836000
2002-09-03,5.350000,5.376250,5.270000,5.272500,4.249849,14342400
2002-09-04,5.287500,5.306250,5.188750,5.271250,4.248838,10861600
2002-09-05,5.218750,5.338750,5.206250,5.233750,4.218614,11138400
2002-09-06,5.250000,5.321250,5.221250,5.235000,4.219619,10312000
2002-09-09,5.162500,5.231250,5.093750,5.118750,4.125921,14457600
2002-09-10,5.131250,5.273750,5.093750,5.266250,4.244810,14068000
2002-09-11,5.281250,5.387500,5.281250,5.375000,4.332468,10124000
2002-09-12,5.360000,5.400000,5.198750,5.222500,4.215426,10177600
2002-09-13,5.062500,5.293750,5.043750,5.216250,4.210382,20060000
2002-09-16,5.187500,5.322500,5.175000,5.276250,4.258813,13392000
2002-09-17,5.412500,5.460000,5.181250,5.212500,4.207356,13172000
2002-09-18,5.137500,5.468750,5.133750,5.381250,4.343564,29804800
2002-09-19,5.362500,5.540000,5.325000,5.501250,4.440424,18411200
2002-09-20,5.481250,5.556250,5.425000,5.512500,4.449507,19296800
2002-09-23,5.513750,5.513750,5.236250,5.287500,4.267892,12395200
2002-09-24,5.288750,5.387500,5.206250,5.276250,4.258813,11419200
2002-09-25,5.425000,5.611250,5.356250,5.546250,4.476748,12144000
2002-09-26,5.595000,5.715000,5.550000,5.701250,4.601859,10064000
2002-09-27,5.685000,5.686250,5.468750,5.482500,4.425292,8324800
2002-09-30,5.381250,5.423750,5.233750,5.397500,4.356681,10552000
2002-10-01,5.398750,5.447500,5.197500,5.435000,4.386950,11379200
2002-10-02,5.420000,5.552500,5.325000,5.387500,4.348610,11360000
2002-10-03,5.383750,5.415000,5.237500,5.255000,4.241660,12894400
2002-10-04,5.275000,5.316250,5.140000,5.242500,4.231571,14320800
2002-10-07,5.212500,5.241250,4.985000,4.995000,4.031799,17309600
2002-10-08,5.050000,5.142500,4.898750,5.001250,4.036842,22868800
2002-10-09,4.931250,5.031250,4.902500,4.915000,3.967224,12019200
2002-10-10,4.916250,4.980000,4.816250,4.978750,4.018680,17004800
2002-10-11,5.010000,5.300000,5.010000,5.232500,4.223499,13461600
2002-10-14,5.175000,5.361250,5.137500,5.322500,4.296145,9926400
2002-10-15,5.425000,5.625000,5.400000,5.618750,4.535267,12033600
2002-10-16,5.562500,5.562500,5.356250,5.385000,4.346592,13378400
2002-10-17,5.556250,5.667500,5.493750,5.562500,4.489863,13486400
2002-10-18,5.562500,5.562500,5.315000,5.431250,4.383926,16188800
2002-10-21,5.417500,5.725000,5.382500,5.692500,4.594796,12096800
2002-10-22,5.668750,5.717500,5.606250,5.662500,4.570581,13505600
2002-10-23,5.663750,5.787500,5.583750,5.655000,4.564527,10222400
2002-10-24,5.667500,5.791250,5.658750,5.700000,4.600851,11374400
2002-10-25,5.731250,5.875000,5.693750,5.873750,4.741095,12144800
2002-10-28,6.000000,6.028750,5.791250,5.838750,4.712845,11556800
2002-10-29,5.825000,5.855000,5.641250,5.783750,4.668449,10322400
2002-10-30,5.837500,5.937500,5.726250,5.887500,4.752194,14924800
2002-10-31,5.887500,5.973750,5.862500,5.898750,4.761272,8780000
2002-11-01,5.893750,5.943750,5.760000,5.931250,4.787507,10004800
2002-11-04,6.000000,6.025000,5.897500,5.918750,4.777418,7002400
2002-11-05,5.918750,5.952500,5.747500,5.765000,4.653313,14684800
2002-11-06,5.780000,5.781250,5.531250,5.652500,4.562509,25207200
2002-11-07,5.581250,5.675000,5.518750,5.567500,4.493900,8756800
2002-11-08,5.567500,5.663750,5.431250,5.501250,4.440424,9651200
2002-11-11,5.501250,5.501250,5.353750,5.355000,4.322378,6747200
2002-11-12,5.368750,5.553750,5.368750,5.481250,4.424283,8285600
2002-11-13,5.437500,5.505000,5.371250,5.452500,4.401077,9046400
2002-11-14,5.531250,5.748750,5.506250,5.653750,4.563518,15392800
2002-11-15,5.627500,5.762500,5.626250,5.695000,4.596813,11902400
2002-11-18,5.768750,5.768750,5.575000,5.661250,4.569572,12284800
2002-11-19,5.682500,5.687500,5.550000,5.568750,4.494910,10750400
2002-11-20,5.631250,5.842500,5.625000,5.715000,4.612957,14206400
2002-11-21,5.800000,5.902500,5.436250,5.633750,4.547375,27852800
2002-11-22,5.626250,5.630000,5.442500,5.468750,4.414192,17854400
2002-11-25,5.500000,5.605000,5.462500,5.571250,4.496926,11533600
2002-11-26,5.581250,5.638750,5.488750,5.492500,4.433363,7906400
2002-11-27,5.515000,5.721250,5.506250,5.636250,4.549393,12444800
2002-11-29,5.667500,5.703750,5.590000,5.597500,4.518115,4201600
2002-12-02,5.750000,5.891250,5.737500,5.818750,4.696702,18641600
2002-12-03,5.825000,5.825000,5.703750,5.812500,4.691658,10008800
2002-12-04,5.787500,5.815000,5.681250,5.762500,4.651298,12173600
2002-12-05,5.763750,5.767500,5.532500,5.668750,4.575625,13488000
2002-12-06,5.637500,5.668750,5.505000,5.640000,4.552419,13623200
2002-12-09,5.641250,5.725000,5.445000,5.445000,4.395022,10828800
2002-12-10,5.445000,5.445000,5.322500,5.411250,4.367781,16245600
2002-12-11,5.398750,5.452500,5.368750,5.395000,4.354662,8764800
2002-12-12,5.377500,5.497500,5.300000,5.475000,4.426417,14735200
2002-12-13,5.476250,5.476250,5.305000,5.316250,4.298070,10268000
2002-12-16,5.336250,5.556250,5.336250,5.528750,4.469872,9933600
2002-12-17,5.528750,5.528750,5.287500,5.337500,4.315249,18489600
2002-12-18,5.362500,5.393750,5.148750,5.241250,4.237432,16611200
2002-12-19,5.262500,5.370000,5.156250,5.191250,4.197010,14907200
2002-12-20,5.191250,5.637500,5.191250,5.637500,4.557795,37304800
2002-12-23,5.595000,5.625000,5.510000,5.537500,4.476947,12648800
2002-12-24,5.558750,5.575000,5.497500,5.506250,4.451680,3625600
2002-12-26,5.515000,5.636250,5.500000,5.517500,4.460775,5504800
2002-12-27,5.516250,5.531250,5.438750,5.441250,4.399131,5078400
2002-12-30,5.450000,5.572500,5.437500,5.565000,4.499180,6828800
2002-12-31,5.556250,5.587500,5.511250,5.558750,4.494128,7450400
2003-01-02,5.571250,5.762500,5.560000,5.762500,4.658855,9133600
2003-01-03,5.762500,5.762500,5.623750,5.643750,4.562848,9072000
2003-01-06,5.625000,5.750000,5.625000,5.722500,4.626513,8532000
2003-01-07,5.687500,5.762500,5.675000,5.707500,4.614386,6733600
2003-01-08,5.708750,5.803750,5.675000,5.752500,4.650769,7736000
2003-01-09,5.775000,5.961250,5.775000,5.900000,4.770021,11535200
2003-01-10,5.843750,6.053750,5.818750,5.941250,4.803369,16739200
2003-01-13,5.955000,6.025000,5.858750,5.887500,4.759912,9019200
2003-01-14,5.837500,5.880000,5.796250,5.835000,4.717469,9748000
2003-01-15,5.836250,5.836250,5.721250,5.743750,4.643692,6536000
2003-01-16,5.762500,5.766250,5.650000,5.690000,4.600239,8339200
2003-01-17,5.650000,5.680000,5.581250,5.631250,4.552740,10815200
2003-01-21,5.631250,5.697500,5.480000,5.480000,4.430459,10180800
2003-01-22,5.480000,5.548750,5.415000,5.427500,4.388013,8596800
2003-01-23,5.475000,5.598750,5.468750,5.580000,4.511305,7800000
2003-01-24,5.548750,5.577500,5.400000,5.425000,4.385992,7816800
2003-01-27,5.387500,5.463750,5.315000,5.445000,4.402161,9672000
2003-01-28,5.465000,5.592500,5.462500,5.576250,4.508277,10444000
2003-01-29,5.577500,5.712500,5.518750,5.708750,4.615398,13831200
2003-01-30,5.708750,5.728750,5.512500,5.616250,4.540615,14952000
2003-01-31,5.596250,5.657500,5.522500,5.567500,4.501200,11808800
2003-02-03,5.581250,5.603750,5.445000,5.521250,4.463809,11604800
2003-02-04,5.522500,5.522500,5.333750,5.460000,4.414289,16016000
2003-02-05,5.460000,5.478750,5.383750,5.411250,4.374877,14406400
2003-02-06,5.411250,5.465000,5.375000,5.397500,4.363758,11475200
2003-02-07,5.422500,5.456250,5.297500,5.300000,4.284933,9196000
2003-02-10,5.331250,5.446250,5.318750,5.417500,4.379930,9557600
2003-02-11,5.497500,5.521250,5.426250,5.481250,4.431468,10545600
2003-02-12,5.481250,5.505000,5.440000,5.458750,4.413277,7054400
2003-02-13,5.460000,5.506250,5.393750,5.497500,4.444606,10347200
2003-02-14,5.500000,5.642500,5.468750,5.642500,4.561836,11272800
2003-02-18,5.641250,5.713750,5.625000,5.695000,4.604280,9316800
2003-02-19,5.695000,5.711250,5.630000,5.683750,4.595185,7652000
2003-02-20,5.701250,5.732500,5.665000,5.710000,4.616408,6384000
2003-02-21,5.735000,5.830000,5.725000,5.795000,4.685130,9549600
2003-02-24,5.796250,5.796250,5.643750,5.658750,4.574974,10600000
2003-02-25,5.606250,5.731250,5.532500,5.676250,4.589122,14719200
2003-02-26,5.675000,5.712500,5.576250,5.633750,4.554761,9232800
2003-02-27,5.642500,5.778750,5.602500,5.778750,4.671990,7959200
2003-02-28,5.778750,5.872500,5.740000,5.796250,4.686141,10693600
2003-03-03,5.812500,5.915000,5.793750,5.835000,4.717469,12242400
2003-03-04,5.843750,5.862500,5.707500,5.707500,4.614386,10201600
2003-03-05,5.707500,5.835000,5.688750,5.822500,4.707363,9784000
2003-03-06,5.793750,5.900000,5.763750,5.826250,4.710394,10597600
2003-03-07,5.826250,6.150000,5.781250,6.137500,4.962033,22413600
2003-03-10,6.106250,6.107500,5.875000,5.908750,4.777092,14977600
2003-03-11,5.910000,6.102500,5.910000,5.943750,4.805390,13907200
2003-03-12,5.931250,6.025000,5.906250,6.018750,4.866025,12011200
2003-03-13,6.112500,6.210000,6.018750,6.125000,4.959136,19496800
2003-03-14,6.156250,6.243750,6.150000,6.218750,5.035042,18746400
2003-03-17,6.218750,6.468750,6.203750,6.446250,5.219238,21066400
2003-03-18,6.362500,6.365000,6.068750,6.123750,4.958124,27957600
2003-03-19,6.155000,6.291250,6.143750,6.260000,5.068438,18655200
2003-03-20,6.280000,6.623750,6.253750,6.606250,5.348782,31173600
2003-03-21,6.625000,6.675000,6.522500,6.662500,5.394326,13041600
2003-03-24,6.640000,6.662500,6.456250,6.513750,5.273890,16826400
2003-03-25,6.543750,6.626250,6.477500,6.611250,5.352831,10043200
2003-03-26,6.611250,6.650000,6.500000,6.507500,5.268829,12439200
2003-03-27,6.418750,6.603750,6.418750,6.526250,5.284012,9357600
2003-03-28,6.522500,6.668750,6.500000,6.630000,5.368013,9163200
2003-03-31,6.506250,6.512500,6.425000,6.427500,5.204058,14238400
2003-04-01,6.437500,6.442500,6.282500,6.350000,5.141310,15256800
2003-04-02,6.462500,6.571250,6.451250,6.537500,5.293120,13114400
2003-04-03,6.586250,6.586250,6.478750,6.521250,5.279962,8769600
2003-04-04,6.537500,6.570000,6.415000,6.437500,5.212153,7757600
2003-04-07,6.587500,6.592500,6.410000,6.427500,5.204058,12481600
2003-04-08,6.443750,6.508750,6.362500,6.483750,5.249599,10032000
2003-04-09,6.512500,6.668750,6.437500,6.472500,5.240492,16861600
2003-04-10,6.473750,6.592500,6.457500,6.583750,5.330565,9451200
2003-04-11,6.625000,6.687500,6.532500,6.573750,5.322470,8447200
2003-04-14,6.565000,6.685000,6.506250,6.656250,5.389266,7081600
2003-04-15,6.618750,6.800000,6.593750,6.721250,5.441893,12501600
2003-04-16,6.771250,6.798750,6.496250,6.543750,5.298179,11927200
2003-04-17,6.533750,6.573750,6.463750,6.537500,5.293120,9856800
2003-04-21,6.550000,6.551250,6.412500,6.482500,5.248589,7146400
2003-04-22,6.482500,6.687500,6.406250,6.643750,5.379144,8884000
2003-04-23,6.668750,6.721250,6.576250,6.718750,5.439869,6476000
2003-04-24,6.681250,6.697500,6.525000,6.632500,5.370036,6590400
2003-04-25,6.625000,6.658750,6.513750,6.527500,5.285022,6627200
2003-04-28,6.568750,6.773750,6.568750,6.746250,5.462134,11524800
2003-04-29,6.747500,6.957500,6.711250,6.783750,5.492497,13624800
2003-04-30,6.785000,6.785000,6.640000,6.691250,5.417604,14233600
2003-05-01,6.716250,6.716250,6.566250,6.588750,5.334615,12104000
2003-05-02,6.591250,6.718750,6.550000,6.705000,5.428738,8370400
2003-05-05,6.725000,6.756250,6.562500,6.593750,5.338662,8249600
2003-05-06,6.600000,6.778750,6.585000,6.778750,5.488448,10432000
2003-05-07,6.777500,6.838750,6.738750,6.765000,5.477316,9298400
2003-05-08,6.700000,6.775000,6.600000,6.671250,5.401410,9800800
2003-05-09,6.683750,6.756250,6.681250,6.756250,5.470230,7916000
2003-05-12,6.731250,6.808750,6.641250,6.808750,5.512739,13471200
2003-05-13,6.807500,6.875000,6.731250,6.843750,5.541077,13801600
2003-05-14,6.850000,6.853750,6.731250,6.743750,5.460112,6886400
2003-05-15,6.775000,6.781250,6.687500,6.735000,5.453025,8127200
2003-05-16,6.766250,6.787500,6.582500,6.607500,5.349796,15063200
2003-05-19,6.607500,6.608750,6.487500,6.533750,5.290083,11633600
2003-05-20,6.546250,6.627500,6.502500,6.567500,5.317410,9195200
2003-05-21,6.525000,6.650000,6.437500,6.481250,5.247575,12604000
2003-05-22,6.558750,6.560000,6.470000,6.530000,5.287046,15064800
2003-05-23,6.537500,6.541250,6.456250,6.480000,5.246565,8010400
2003-05-27,6.497500,6.750000,6.481250,6.737500,5.455050,12947200
2003-05-28,6.738750,6.843750,6.693750,6.827500,5.527919,10216000
2003-05-29,6.796250,6.890000,6.792500,6.842500,5.540064,13233600
2003-05-30,6.873750,7.070000,6.873750,6.998750,5.666572,13806400
2003-06-02,7.006250,7.062500,6.978750,6.996250,5.664549,17061600
2003-06-03,6.943750,6.950000,6.793750,6.843750,5.541077,14325600
2003-06-04,6.818750,7.005000,6.787500,6.985000,5.655439,9160800
2003-06-05,6.977500,7.010000,6.925000,6.967500,5.641271,9901600
2003-06-06,6.993750,6.997500,6.867500,6.931250,5.611921,11166400
2003-06-09,6.931250,6.995000,6.856250,6.910000,5.594717,6854400
2003-06-10,6.918750,7.016250,6.906250,6.988750,5.658476,7096000
2003-06-11,6.971250,6.981250,6.875000,6.912500,5.603757,16360000
2003-06-12,6.943750,6.951250,6.863750,6.900000,5.593623,10339200
2003-06-13,6.887500,6.910000,6.811250,6.818750,5.527756,12905600
2003-06-16,6.818750,6.906250,6.798750,6.875000,5.573357,13642400
2003-06-17,6.881250,6.966250,6.847500,6.958750,5.641248,9340800
2003-06-18,6.947500,7.020000,6.918750,7.016250,5.687863,8930400
2003-06-19,7.016250,7.110000,7.000000,7.040000,5.707119,10700000
2003-06-20,7.050000,7.115000,6.998750,7.002500,5.676715,11696800
2003-06-23,7.012500,7.041250,6.891250,6.921250,5.610848,10892800
2003-06-24,6.952500,7.102500,6.952500,7.078750,5.738530,15525600
2003-06-25,7.110000,7.143750,7.068750,7.112500,5.765893,13966400
2003-06-26,7.122500,7.187500,7.106250,7.116250,5.768929,15184000
2003-06-27,6.768750,6.800000,6.575000,6.635000,5.378796,52179200
2003-06-30,6.637500,6.706250,6.595000,6.686250,5.420342,50000800
2003-07-01,6.686250,6.745000,6.593750,6.735000,5.459862,12168000
2003-07-02,6.731250,6.750000,6.631250,6.731250,5.456822,13672000
2003-07-03,6.725000,6.746250,6.637500,6.688750,5.422368,4918400
2003-07-07,6.695000,6.762500,6.695000,6.735000,5.459862,11005600
2003-07-08,6.730000,6.760000,6.683750,6.713750,5.442633,9452000
2003-07-09,6.688750,6.703750,6.623750,6.625000,5.370688,16193600
2003-07-10,6.656250,6.727500,6.553750,6.707500,5.437569,18492800
2003-07-11,6.712500,6.742500,6.672500,6.703750,5.434530,6198400
2003-07-14,6.735000,6.807500,6.632500,6.712500,5.441620,7411200
2003-07-15,6.718750,6.731250,6.606250,6.636250,5.379808,7327200
2003-07-16,6.618750,6.653750,6.538750,6.632500,5.376770,7761600
2003-07-17,6.623750,6.653750,6.462500,6.530000,5.293674,9530400
2003-07-18,6.593750,6.600000,6.462500,6.500000,5.269355,10080800
2003-07-21,6.481250,6.485000,6.350000,6.387500,5.178153,10958400
2003-07-22,6.387500,6.445000,6.282500,6.431250,5.213621,12536000
2003-07-23,6.400000,6.525000,6.362500,6.496250,5.266315,11722400
2003-07-24,6.622500,6.717500,6.562500,6.562500,5.320022,12827200
2003-07-25,6.557500,6.612500,6.502500,6.585000,5.338261,6476800
2003-07-28,6.568750,6.582500,6.462500,6.497500,5.267329,9124800
2003-07-29,6.493750,6.516250,6.412500,6.473750,5.248076,9430400
2003-07-30,6.481250,6.481250,6.405000,6.407500,5.194367,5778400
2003-07-31,6.438750,6.555000,6.391250,6.467500,5.243007,11784000
2003-08-01,6.437500,6.493750,6.327500,6.337500,5.137619,8605600
2003-08-04,6.312500,6.401250,6.250000,6.327500,5.129513,9734400
2003-08-05,6.337500,6.337500,6.223750,6.223750,5.045407,7953600
2003-08-06,6.226250,6.316250,6.200000,6.212500,5.036287,11247200
2003-08-07,6.258750,6.345000,6.253750,6.325000,5.127488,9023200
2003-08-08,6.326250,6.613750,6.326250,6.601250,5.351434,17093600
2003-08-11,6.593750,6.606250,6.537500,6.597500,5.348396,9403200
2003-08-12,6.625000,6.735000,6.625000,6.716250,5.444661,8604000
2003-08-13,6.746250,6.837500,6.738750,6.797500,5.510530,12436000
2003-08-14,6.797500,6.875000,6.768750,6.850000,5.553088,8427200
2003-08-15,6.850000,6.910000,6.800000,6.906250,5.598689,4042400
2003-08-18,6.906250,6.952500,6.862500,6.885000,5.581462,8202400
2003-08-19,6.906250,6.906250,6.770000,6.831250,5.537890,9080800
2003-08-20,6.758750,6.823750,6.758750,6.791250,5.505462,5768800
2003-08-21,6.806250,6.962500,6.782500,6.898750,5.592610,14783200
2003-08-22,6.950000,6.950000,6.836250,6.837500,5.542954,7308000
2003-08-25,6.867500,6.916250,6.812500,6.906250,5.598689,6108800
2003-08-26,6.906250,6.943750,6.861250,6.927500,5.615916,5816800
2003-08-27,6.896250,6.990000,6.870000,6.958750,5.641248,4050400
2003-08-28,6.981250,7.031250,6.951250,7.015000,5.686850,5835200
2003-08-29,7.027500,7.133750,7.025000,7.122500,5.773996,10634400
2003-09-02,7.132500,7.187500,7.063750,7.185000,5.824662,6198400
2003-09-03,7.186250,7.187500,7.112500,7.155000,5.800344,7941600
2003-09-04,7.162500,7.190000,7.072500,7.100000,5.755756,7106400
2003-09-05,7.087500,7.122500,7.015000,7.036250,5.704075,7929600
2003-09-08,7.037500,7.183750,7.030000,7.106250,5.760823,8039200
2003-09-09,7.043750,7.066250,7.007500,7.035000,5.703061,8035200
2003-09-10,7.035000,7.041250,6.923750,6.923750,5.612876,7623200
2003-09-11,6.937500,7.035000,6.937500,6.973750,5.660563,7538400
2003-09-12,6.973750,6.980000,6.883750,6.960000,5.649403,5647200
2003-09-15,6.968750,7.103750,6.968750,7.043750,5.717381,5573600
2003-09-16,7.093750,7.097500,7.027500,7.070000,5.738687,9644800
2003-09-17,7.101250,7.143750,7.076250,7.140000,5.795506,8752000
2003-09-18,7.131250,7.172500,7.112500,7.156250,5.808699,11152800
2003-09-19,7.562500,7.781250,7.538750,7.687500,6.239910,59559200
2003-09-22,7.581250,7.695000,7.581250,7.660000,6.217590,21054400
2003-09-23,7.606250,7.675000,7.600000,7.640000,6.201353,11236000
2003-09-24,7.625000,7.668750,7.601250,7.606250,6.173961,12912800
2003-09-25,7.593750,7.606250,7.537500,7.550000,6.128302,7962400
2003-09-26,7.547500,7.622500,7.471250,7.606250,6.173961,16095200
2003-09-29,7.637500,7.656250,7.582500,7.622500,6.187151,17067200
2003-09-30,7.623750,7.636250,7.525000,7.602500,6.170916,14468800
2003-10-01,7.600000,7.733750,7.587500,7.733750,6.277451,13152800
2003-10-02,7.733750,7.810000,7.711250,7.798750,6.330212,10253600
2003-10-03,7.798750,7.950000,7.798750,7.887500,6.402249,13300800
2003-10-06,7.887500,7.895000,7.836250,7.851250,6.372827,13083200
2003-10-07,7.825000,7.945000,7.825000,7.945000,6.448924,10480800
2003-10-08,7.945000,8.002500,7.945000,7.997500,6.491536,10430400
2003-10-09,8.025000,8.057500,7.948750,7.990000,6.485447,9513600
2003-10-10,7.990000,7.990000,7.865000,7.907500,6.418483,8736000
2003-10-13,7.931250,8.061250,7.928750,8.042500,6.528061,7193600
2003-10-14,7.981250,8.066250,7.963750,8.056250,6.539223,8282400
2003-10-15,8.087500,8.091250,8.013750,8.067500,6.548355,10726400
2003-10-16,8.112500,8.116250,8.033750,8.081250,6.559515,11939200
2003-10-17,8.081250,8.103750,7.983750,7.983750,6.480375,10421600
2003-10-20,7.985000,8.023750,7.926250,7.981250,6.478344,11089600
2003-10-21,7.937500,8.000000,7.925000,7.946250,6.449937,6400000
2003-10-22,7.946250,7.946250,7.808750,7.827500,6.353548,8848000
2003-10-23,7.828750,7.857500,7.763750,7.850000,6.371810,11007200
2003-10-24,7.851250,7.851250,7.706250,7.753750,6.293684,9440000
2003-10-27,7.743750,7.831250,7.668750,7.781250,6.316006,10387200
2003-10-28,7.781250,7.987500,7.781250,7.975000,6.473274,13380000
2003-10-29,7.975000,7.976250,7.881250,7.908750,6.419499,9995200
2003-10-30,7.981250,7.981250,7.875000,7.888750,6.403265,8786400
2003-10-31,7.888750,8.030000,7.880000,7.987500,6.483419,11818400
2003-11-03,7.987500,7.998750,7.881250,7.988750,6.484433,11951200
2003-11-04,7.962500,8.031250,7.926250,7.943750,6.447908,7000000
2003-11-05,7.918750,7.958750,7.881250,7.907500,6.418483,7224800
2003-11-06,7.907500,7.918750,7.793750,7.835000,6.359635,10376800
2003-11-07,7.835000,7.896250,7.815000,7.875000,6.392104,9888000
2003-11-10,7.850000,7.853750,7.722500,7.756250,6.295714,14218400
2003-11-11,7.735000,7.788750,7.687500,7.740000,6.282524,6879200
2003-11-12,7.746250,7.801250,7.736250,7.745000,6.286583,9680000
2003-11-13,7.745000,7.777500,7.657500,7.730000,6.274409,8871200
2003-11-14,7.730000,7.793750,7.682500,7.725000,6.270349,9065600
2003-11-17,7.718750,7.756250,7.687500,7.725000,6.270349,11430400
2003-11-18,7.752500,7.841250,7.720000,7.728750,6.273394,12724000
2003-11-19,7.718750,7.718750,7.586250,7.648750,6.208458,10714400
2003-11-20,7.662500,7.937500,7.643750,7.825000,6.351519,22064800
2003-11-21,7.812500,7.966250,7.812500,7.913750,6.423557,10570400
2003-11-24,7.975000,8.097500,7.975000,8.083750,6.561545,20816000
2003-11-25,8.156250,8.435000,8.150000,8.396250,6.815200,42245600
2003-11-26,8.397500,8.428750,8.346250,8.418750,6.833464,11468000
2003-11-28,8.425000,8.435000,8.390000,8.406250,6.823317,2729600
2003-12-01,8.431250,8.500000,8.401250,8.481250,6.884194,10149600
2003-12-02,8.481250,8.481250,8.391250,8.400000,6.818243,9293600
2003-12-03,8.411250,8.415000,8.240000,8.250000,6.696488,16732000
2003-12-04,8.281250,8.285000,8.111250,8.157500,6.621407,18020800
2003-12-05,8.162500,8.233750,8.131250,8.192500,6.649815,10645600
2003-12-08,8.175000,8.217500,8.140000,8.197500,6.653878,7203200
2003-12-09,8.247500,8.247500,8.075000,8.111250,6.583867,9539200
2003-12-10,8.131250,8.131250,7.987500,8.007500,6.499653,11387200
2003-12-11,7.968750,8.123750,7.955000,8.086250,6.573836,10404800
2003-12-12,8.093750,8.146250,8.025000,8.052500,6.546399,8309600
2003-12-15,8.206250,8.222500,8.027500,8.027500,6.526074,11265600
2003-12-16,8.125000,8.148750,7.902500,8.138750,6.616517,11520800
2003-12-17,8.123750,8.256250,8.062500,8.251250,6.707975,15261600
2003-12-18,8.252500,8.400000,8.245000,8.350000,6.788256,22976800
2003-12-19,8.312500,8.387500,8.231250,8.366250,6.801466,35116000
2003-12-22,8.397500,8.442500,8.355000,8.412500,6.839065,14609600
2003-12-23,8.436250,8.465000,8.390000,8.456250,6.874631,8652800
2003-12-24,8.481250,8.481250,8.353750,8.441250,6.862440,5463200
2003-12-26,8.443750,8.522500,8.425000,8.481250,6.894959,4048800
2003-12-29,8.512500,8.512500,8.436250,8.480000,6.893939,9061600
2003-12-30,8.480000,8.520000,8.450000,8.507500,6.916297,7450400
2003-12-31,8.500000,8.567500,8.500000,8.557500,6.956946,8770400
2004-01-02,8.587500,8.618750,8.427500,8.451250,6.870570,8716800
2004-01-05,8.431250,8.512500,8.410000,8.443750,6.864471,11897600
2004-01-06,8.431250,8.465000,8.418750,8.436250,6.858374,14474400
2004-01-07,8.438750,8.485000,8.288750,8.465000,6.881747,13283200
2004-01-08,8.496250,8.613750,8.471250,8.550000,6.950849,15288000
2004-01-09,8.546250,8.578750,8.467500,8.483750,6.896987,6572000
2004-01-12,8.525000,8.631250,8.512500,8.606250,6.996580,10994400
2004-01-13,8.610000,8.687500,8.600000,8.637500,7.021981,10189600
2004-01-14,8.625000,8.687500,8.615000,8.647500,7.030112,7680800
2004-01-15,8.646250,8.673750,8.531250,8.631250,7.016903,10619200
2004-01-16,8.662500,8.741250,8.623750,8.670000,7.048404,6467200
2004-01-20,8.693750,8.750000,8.658750,8.732500,7.099214,8760000
2004-01-21,8.701250,8.827500,8.650000,8.808750,7.161202,10612800
2004-01-22,8.821250,8.827500,8.693750,8.708750,7.079907,5625600
2004-01-23,8.718750,8.772500,8.662500,8.697500,7.070760,5592000
2004-01-26,8.697500,8.750000,8.655000,8.737500,7.103278,7313600
2004-01-27,8.743750,8.748750,8.685000,8.701250,7.073810,5366400
2004-01-28,8.725000,8.737500,8.555000,8.578750,6.974223,7685600
2004-01-29,8.610000,8.637500,8.518750,8.566250,6.964059,7929600
2004-01-30,8.541250,8.722500,8.481250,8.707500,7.078892,9285600
2004-02-02,8.700000,8.875000,8.690000,8.781250,7.138848,8193600
2004-02-03,8.750000,8.833750,8.731250,8.756250,7.118523,6718400
2004-02-04,8.737500,8.932500,8.727500,8.836250,7.183561,12642400
2004-02-05,8.835000,8.906250,8.780000,8.841250,7.187625,7878400
2004-02-06,8.831250,8.912500,8.820000,8.882500,7.221158,6453600
2004-02-09,8.893750,9.000000,8.887500,8.958750,7.283145,7058400
2004-02-10,8.975000,9.045000,8.927500,9.030000,7.341069,7160000
2004-02-11,9.025000,9.180000,9.025000,9.150000,7.438624,8906400
2004-02-12,9.146250,9.172500,9.027500,9.045000,7.353267,9002400
2004-02-13,9.013750,9.075000,8.950000,9.040000,7.349203,4548000
2004-02-17,9.025000,9.155000,9.025000,9.125000,7.418302,6698400
2004-02-18,9.112500,9.116250,9.000000,9.055000,7.361398,5083200
2004-02-19,9.081250,9.156250,9.036250,9.050000,7.357333,5144800
2004-02-20,9.062500,9.065000,8.876250,8.957500,7.282135,7303200
2004-02-23,8.960000,9.102500,8.936250,9.075000,7.377656,10428000
2004-02-24,9.062500,9.325000,9.017500,9.282500,7.546345,18504000
2004-02-25,9.287500,9.322500,9.263750,9.296250,7.557523,15819200
2004-02-26,9.285000,9.285000,9.191250,9.237500,7.509759,10952000
2004-02-27,9.237500,9.306250,9.156250,9.156250,7.443710,12992000
2004-03-01,9.212500,9.227500,9.133750,9.191250,7.472160,11869600
2004-03-02,9.191250,9.232500,9.125000,9.232500,7.505694,13160800
2004-03-03,9.220000,9.237500,9.027500,9.228750,7.502648,16876000
2004-03-04,9.215000,9.362500,9.206250,9.340000,7.593090,7900000
2004-03-05,9.268750,9.368750,9.225000,9.353750,7.604271,11669600
2004-03-08,9.337500,9.337500,9.287500,9.311250,7.569720,9268800
2004-03-09,9.530000,9.633750,9.462500,9.582500,7.790239,36010400
2004-03-10,9.637500,9.738750,9.575000,9.581250,7.789219,13277600
2004-03-11,9.525000,9.547500,9.325000,9.335000,7.598938,10915200
2004-03-12,9.343750,9.421250,9.268750,9.350000,7.611150,11013600
2004-03-15,9.352500,9.368750,9.263750,9.300000,7.570447,12434400
2004-03-16,9.356250,9.423750,9.343750,9.388750,7.642695,9628800
2004-03-17,9.406250,9.560000,9.375000,9.518750,7.748520,11176800
2004-03-18,9.525000,9.608750,9.438750,9.602500,7.816691,14826400
2004-03-19,9.581250,9.687500,9.440000,9.608750,7.821779,20111200
2004-03-22,9.820000,9.820000,9.497500,9.572500,7.792271,10908000
2004-03-23,9.581250,9.581250,9.456250,9.537500,7.763781,11292800
2004-03-24,9.500000,9.612500,9.483750,9.575000,7.794305,8612000
2004-03-25,9.575000,9.605000,9.501250,9.560000,7.782097,9320000
2004-03-26,9.556250,9.622500,9.500000,9.531250,7.758693,7210400
2004-03-29,9.562500,9.623750,9.543750,9.575000,7.794305,13025600
2004-03-30,9.518750,9.623750,9.495000,9.602500,7.816691,6111200
2004-03-31,9.583750,9.761250,9.556250,9.733750,7.923533,14523200
2004-04-01,9.727500,9.727500,9.512500,9.548750,7.772940,12058400
2004-04-02,9.606250,9.670000,9.505000,9.580000,7.798375,7337600
2004-04-05,9.575000,9.760000,9.575000,9.760000,7.944903,7272800
2004-04-06,9.712500,9.736250,9.627500,9.673750,7.874690,9027200
2004-04-07,9.652500,9.661250,9.551250,9.593750,7.809567,8756000
2004-04-08,9.625000,9.686250,9.566250,9.596250,7.811604,9340000
2004-04-12,9.612500,9.700000,9.612500,9.655000,7.859432,4072000
2004-04-13,9.820000,9.820000,9.486250,9.547500,7.771916,9755200
2004-04-14,9.500000,9.572500,9.417500,9.476250,7.713923,9268000
2004-04-15,9.476250,9.543750,9.412500,9.448750,7.691532,6162400
2004-04-16,9.493750,9.502500,9.436250,9.488750,7.724095,7409600
2004-04-19,9.488750,9.562500,9.475000,9.540000,7.765813,7864800
2004-04-20,9.562500,9.625000,9.468750,9.468750,7.707816,12067200
2004-04-21,9.412500,9.506250,9.382500,9.431250,7.677286,10742400
2004-04-22,9.368750,9.515000,9.312500,9.458750,7.699676,9660000
2004-04-23,9.440000,9.440000,9.367500,9.396250,7.648800,7835200
2004-04-26,9.412500,9.433750,9.140000,9.192500,7.482942,14578400
2004-04-27,9.193750,9.352500,9.192500,9.306250,7.575537,9455200
2004-04-28,9.285000,9.285000,9.171250,9.201250,7.490065,7884000
2004-04-29,9.202500,9.222500,8.913750,9.017500,7.340488,20531200
2004-04-30,9.018750,9.111250,8.976250,8.993750,7.321151,9295200
2004-05-03,8.972500,8.987500,8.836250,8.885000,7.232629,15716000
2004-05-04,8.837500,8.871250,8.781250,8.806250,7.168524,12489600
2004-05-05,8.800000,8.843750,8.698750,8.843750,7.199048,13635200
2004-05-06,8.775000,8.775000,8.496250,8.543750,6.954841,21284000
2004-05-07,8.497500,8.568750,8.321250,8.321250,6.773722,18808000
2004-05-10,8.256250,8.348750,8.237500,8.300000,6.756423,17345600
2004-05-11,8.400000,8.468750,8.393750,8.442500,6.872421,14385600
2004-05-12,8.525000,8.552500,8.338750,8.500000,6.919226,13611200
2004-05-13,8.510000,8.593750,8.506250,8.518750,6.934490,15292800
2004-05-14,8.527500,8.562500,8.406250,8.461250,6.887684,7753600
2004-05-17,8.412500,8.412500,8.226250,8.256250,6.720811,10924800
2004-05-18,8.276250,8.357500,8.267500,8.312500,6.766598,13390400
2004-05-19,8.371250,8.446250,8.308750,8.317500,6.770667,9228800
2004-05-20,8.317500,8.341250,8.228750,8.303750,6.759475,7484000
2004-05-21,8.373750,8.437500,8.350000,8.435000,6.866317,13424000
2004-05-24,8.462500,8.683750,8.456250,8.618750,7.015892,14978400
2004-05-25,8.637500,8.832500,8.590000,8.831250,7.188875,13948800
2004-05-26,8.802500,8.970000,8.756250,8.861250,7.213295,9414400
2004-05-27,8.912500,8.987500,8.850000,8.867500,7.218382,6818400
2004-05-28,8.898750,8.930000,8.818750,8.893750,7.239752,6405600
2004-06-01,8.897500,8.928750,8.806250,8.878750,7.227540,6380800
2004-06-02,8.881250,8.898750,8.781250,8.830000,7.187855,8231200
2004-06-03,8.830000,8.830000,8.735000,8.775000,7.143084,7546400
2004-06-04,8.800000,8.811250,8.660000,8.660000,7.049471,9521600
2004-06-07,8.680000,8.812500,8.678750,8.788750,7.154277,9579200
2004-06-08,8.782500,8.871250,8.750000,8.810000,7.171578,9711200
2004-06-09,8.810000,8.818750,8.763750,8.812500,7.173611,7371200
2004-06-10,8.818750,8.968750,8.808750,8.906250,7.260224,9232800
2004-06-14,8.875000,8.903750,8.845000,8.903750,7.258183,4993600
2004-06-15,8.935000,9.130000,8.930000,8.960000,7.304039,9236000
2004-06-16,8.987500,9.005000,8.920000,8.990000,7.328492,4156800
2004-06-17,8.971250,9.051250,8.925000,8.975000,7.316267,7485600
2004-06-18,8.943750,9.031250,8.940000,8.952500,7.297926,6189600
2004-06-21,8.962500,9.031250,8.877500,8.898750,7.254111,8449600
2004-06-22,8.878750,8.966250,8.822500,8.962500,7.306078,7303200
2004-06-23,8.973750,9.075000,8.962500,9.036250,7.366197,9116000
2004-06-24,9.025000,9.106250,9.011250,9.050000,7.377405,10240800
2004-06-25,9.406250,9.475000,9.187500,9.413750,7.673928,35171200
2004-06-28,9.437500,9.667500,9.425000,9.487500,7.734050,14855200
2004-06-29,9.488750,9.531250,9.381250,9.422500,7.681061,8068000
2004-06-30,9.431250,9.472500,9.401250,9.468750,7.718764,7740800
2004-07-01,9.473750,9.496250,9.357500,9.411250,7.671890,7886400
2004-07-02,9.430000,9.515000,9.388750,9.413750,7.673928,6345600
2004-07-06,9.382500,9.485000,9.370000,9.371250,7.639284,10872000
2004-07-07,9.375000,9.432500,9.353750,9.395000,7.658646,6560800
2004-07-08,9.363750,9.363750,9.195000,9.232500,7.526180,9252000
2004-07-09,9.275000,9.345000,9.256250,9.311250,7.590373,6602400
2004-07-12,9.282500,9.297500,9.190000,9.263750,7.551654,6037600
2004-07-13,9.237500,9.250000,9.206250,9.237500,7.530256,5586400
2004-07-14,9.191250,9.237500,9.071250,9.093750,7.413070,8520800
2004-07-15,9.081250,9.178750,9.060000,9.151250,7.459941,7593600
2004-07-16,9.200000,9.206250,9.141250,9.187500,7.489493,10492800
2004-07-19,9.143750,9.171250,9.012500,9.061250,7.386580,9604000
2004-07-20,9.030000,9.093750,8.992500,9.075000,7.397783,9923200
2004-07-21,9.056250,9.101250,8.956250,8.958750,7.303021,8637600
2004-07-22,8.856250,8.961250,8.781250,8.930000,7.279583,15679200
2004-07-23,8.881250,8.912500,8.742500,8.783750,7.160364,11901600
2004-07-26,8.806250,8.826250,8.662500,8.745000,7.128775,13111200
2004-07-27,8.715000,8.876250,8.702500,8.843750,7.209278,10696800
2004-07-28,8.812500,8.862500,8.675000,8.850000,7.214370,13090400
2004-07-29,8.950000,9.156250,8.900000,9.112500,7.428358,13559200
2004-07-30,9.093750,9.093750,8.986250,9.088750,7.408993,7200800
2004-08-02,9.090000,9.218750,9.075000,9.205000,7.503757,9849600
2004-08-03,9.173750,9.175000,9.071250,9.087500,7.407977,6723200
2004-08-04,9.063750,9.202500,9.045000,9.137500,7.448738,6716800
2004-08-05,9.143750,9.145000,8.808750,8.882500,7.240861,9952800
2004-08-06,8.787500,8.787500,8.633750,8.663750,7.062542,11478400
2004-08-09,8.662500,8.793750,8.576250,8.746250,7.129795,7233600
2004-08-10,8.825000,8.857500,8.756250,8.857500,7.220482,5248000
2004-08-11,8.775000,8.843750,8.745000,8.790000,7.165459,5862400
2004-08-12,8.775000,8.811250,8.637500,8.696250,7.089039,5950400
2004-08-13,8.698750,8.731250,8.610000,8.711250,7.101264,7060800
2004-08-16,8.680000,8.976250,8.676250,8.975000,7.316267,7794400
2004-08-17,8.956250,9.042500,8.932500,8.950000,7.295887,5416000
2004-08-18,8.945000,9.133750,8.926250,9.122500,7.436506,10829600
2004-08-19,9.120000,9.206250,9.081250,9.206250,7.504778,6534400
2004-08-20,9.175000,9.311250,9.157500,9.282500,7.566938,8628800
2004-08-23,9.282500,9.301250,9.195000,9.242500,7.534330,5497600
2004-08-24,9.273750,9.333750,9.272500,9.308750,7.588337,5488800
2004-08-25,9.333750,9.392500,9.295000,9.381250,7.647435,6724800
2004-08-26,9.412500,9.612500,9.387500,9.495000,7.740163,10921600
2004-08-27,9.443750,9.502500,9.387500,9.493750,7.739142,4475200
2004-08-30,9.437500,9.468750,9.316250,9.341250,7.614829,8316000
2004-08-31,9.362500,9.415000,9.338750,9.413750,7.673928,6463200
2004-09-01,9.375000,9.565000,9.375000,9.510000,7.752391,8380800
2004-09-02,9.531250,9.615000,9.510000,9.585000,7.813532,5616800
2004-09-03,9.585000,9.667500,9.577500,9.601250,7.826780,5259200
2004-09-07,9.601250,9.668750,9.601250,9.650000,7.866513,6207200
2004-09-08,9.651250,9.745000,9.631250,9.668750,7.881803,9247200
2004-09-09,9.628750,9.637500,9.315000,9.366250,7.645088,17340800
2004-09-10,9.343750,9.473750,9.342500,9.456250,7.718553,5980800
2004-09-13,9.457500,9.531250,9.397500,9.441250,7.706311,7992000
2004-09-14,9.425000,9.492500,9.370000,9.460000,7.721614,6799200
2004-09-15,9.460000,9.575000,9.413750,9.537500,7.784873,8323200
2004-09-16,9.535000,9.690000,9.535000,9.625000,7.856295,6693600
2004-09-17,9.640000,9.743750,9.547500,9.570000,7.811404,17108800
2004-09-20,9.737500,9.806250,9.670000,9.750000,7.958324,22675200
2004-09-21,9.750000,9.968750,9.731250,9.918750,8.096064,18053600
2004-09-22,9.908750,9.937500,9.846250,9.870000,8.056273,12838400
2004-09-23,9.862500,9.925000,9.788750,9.886250,8.069537,11289600
2004-09-24,9.886250,10.002500,9.882500,9.962500,8.131773,9611200
2004-09-27,9.937500,9.995000,9.831250,9.912500,8.090961,9616800
2004-09-28,9.913750,9.978750,9.881250,9.962500,8.131773,6812000
2004-09-29,9.937500,9.961250,9.775000,9.816250,8.012402,13643200
2004-09-30,9.816250,9.903750,9.780000,9.850000,8.039949,13664800
2004-10-01,9.875000,9.987500,9.825000,9.985000,8.150142,8939200
2004-10-04,9.987500,10.000000,9.950000,9.972500,8.139935,9344800
2004-10-05,9.968750,10.025000,9.927500,9.961250,8.130754,11715200
2004-10-06,9.986250,10.070000,9.937500,10.008750,8.169525,10174400
2004-10-07,9.977500,10.000000,9.940000,9.951250,8.122590,6194400
2004-10-08,9.950000,9.956250,9.828750,9.886250,8.069537,6626400
2004-10-11,9.886250,9.913750,9.815000,9.883750,8.067499,7160000
2004-10-12,9.768750,9.835000,9.687500,9.753750,7.961385,8432000
2004-10-13,9.766250,9.781250,9.577500,9.697500,7.915472,8963200
2004-10-14,9.681250,9.756250,9.650000,9.671250,7.894042,5226400
2004-10-15,9.656250,9.800000,9.626250,9.762500,7.968524,7509600
2004-10-18,9.687500,9.987500,9.680000,9.987500,8.152179,10456000
2004-10-19,9.987500,10.086250,9.981250,10.033750,8.189933,17851200
2004-10-20,10.002500,10.066250,9.916250,9.956250,8.126672,6701600
2004-10-21,9.993750,10.150000,9.978750,10.098750,8.242988,19664800
2004-10-22,10.075000,10.106250,9.838750,9.888750,8.071578,10804000
2004-10-25,9.862500,10.035000,9.830000,9.990000,8.154221,8943200
2004-10-26,10.018750,10.186250,9.987500,10.097500,8.241965,12934400
2004-10-27,10.066250,10.225000,10.050000,10.187500,8.315428,12063200
2004-10-28,10.187500,10.217500,10.107500,10.138750,8.275632,6386400
2004-10-29,10.152500,10.243750,10.133750,10.163750,8.296042,6868800
2004-11-01,10.132500,10.247500,10.087500,10.200000,8.325631,6989600
2004-11-02,10.247500,10.453750,10.247500,10.280000,8.390925,13036800
2004-11-03,10.343750,10.412500,10.298750,10.383750,8.475616,10376000
2004-11-04,10.382500,10.671250,10.351250,10.671250,8.710281,14639200
2004-11-05,10.671250,10.805000,10.637500,10.765000,8.786803,11025600
2004-11-08,10.700000,10.761250,10.525000,10.577500,8.633760,13272800
2004-11-09,10.562500,10.612500,10.535000,10.601250,8.653146,7592000
2004-11-10,10.587500,10.643750,10.537500,10.537500,8.601108,6440000
2004-11-11,10.593750,10.662500,10.562500,10.623750,8.671507,6262400
2004-11-12,10.637500,10.815000,10.631250,10.800000,8.815373,6630400
2004-11-15,10.768750,10.876250,10.752500,10.803750,8.818435,4528800
2004-11-16,10.805000,10.812500,10.671250,10.685000,8.721508,6851200
2004-11-17,10.697500,10.925000,10.697500,10.748750,8.773540,6341600
2004-11-18,10.761250,10.975000,10.625000,10.625000,8.672534,23644000
2004-11-19,10.545000,10.578750,10.191250,10.312500,8.417456,40176800
2004-11-22,10.387500,10.508750,10.283750,10.467500,8.543976,11773600
2004-11-23,10.487500,10.618750,10.422500,10.605000,8.656203,7088800
2004-11-24,10.636250,10.686250,10.597500,10.678750,8.716404,5999200
2004-11-26,10.675000,10.750000,10.625000,10.636250,8.681712,3343200
2004-11-29,10.662500,10.768750,10.656250,10.717500,8.748035,7454400
2004-11-30,10.717500,10.783750,10.548750,10.582500,8.637841,8623200
2004-12-01,10.600000,10.843750,10.600000,10.818750,8.830679,6940800
2004-12-02,10.818750,10.893750,10.742500,10.837500,8.845985,5936000
2004-12-03,10.812500,10.891250,10.763750,10.840000,8.848022,5205600
2004-12-06,10.808750,10.882500,10.706250,10.832500,8.841900,7164000
2004-12-07,10.781250,10.907500,10.727500,10.727500,8.756194,6809600
2004-12-08,10.750000,10.881250,10.701250,10.837500,8.845985,6732800
2004-12-09,10.856250,11.011250,10.793750,10.940000,8.942540,9156800
2004-12-10,10.937500,11.050000,10.875000,10.875000,8.889409,6612000
2004-12-13,10.906250,10.937500,10.767500,10.881250,8.894518,10424000
2004-12-14,10.837500,10.837500,10.662500,10.816250,8.841381,12091200
2004-12-15,10.875000,10.880000,10.681250,10.731250,8.771905,12825600
2004-12-16,10.750000,10.830000,10.641250,10.737500,8.777012,7558400
2004-12-17,11.125000,11.526250,11.118750,11.462500,9.369637,35094400
2004-12-20,11.481250,11.553750,11.405000,11.437500,9.349204,11144800
2004-12-21,11.466250,11.536250,11.416250,11.426250,9.340011,7074400
2004-12-22,11.350000,11.475000,11.260000,11.385000,9.306292,11741600
2004-12-23,11.425000,11.542500,11.423750,11.453750,9.362488,5010400
2004-12-27,11.475000,11.475000,11.356250,11.356250,9.282789,4512000
2004-12-28,11.406250,11.445000,11.375000,11.436250,9.348184,5108800
2004-12-29,11.418750,11.420000,11.200000,11.321250,9.254179,11349600
2004-12-30,11.318750,11.443750,11.318750,11.372500,9.296077,3471200
2004-12-31,11.350000,11.430000,11.336250,11.336250,9.266440,4444800
2005-01-03,11.325000,11.417500,11.281250,11.336250,9.266440,8897600
2005-01-04,11.333750,11.368750,11.151250,11.175000,9.134637,6463200
2005-01-05,11.206250,11.236250,11.032500,11.041250,9.025305,8606400
2005-01-06,11.033750,11.075000,10.901250,11.027500,9.014065,8915200
2005-01-07,11.040000,11.062500,10.941250,10.962500,8.960928,6992800
2005-01-10,10.868750,11.083750,10.850000,11.071250,9.049829,9981600
2005-01-11,11.000000,11.056250,10.895000,11.018750,9.006909,6180800
2005-01-12,11.015000,11.102500,10.927500,11.073750,9.051869,7448800
2005-01-13,11.051250,11.093750,10.955000,11.002500,8.993624,5940000
2005-01-14,11.012500,11.118750,10.981250,11.118750,9.088654,4488800
2005-01-18,11.100000,11.150000,11.047500,11.087500,9.063108,7214400
2005-01-19,11.097500,11.220000,11.062500,11.068750,9.047780,9040000
2005-01-20,11.050000,11.050000,10.841250,10.850000,8.868971,7199200
2005-01-21,10.850000,10.882500,10.756250,10.787500,8.817885,8354400
2005-01-24,10.808750,10.850000,10.752500,10.788750,8.818905,6801600
2005-01-25,10.806250,10.815000,10.711250,10.736250,8.775990,7143200
2005-01-26,10.767500,10.795000,10.587500,10.643750,8.700381,9172000
2005-01-27,10.656250,10.830000,10.653750,10.806250,8.833210,8648800
2005-01-28,10.806250,10.838750,10.691250,10.811250,8.837297,10192800
2005-01-31,10.812500,10.862500,10.775000,10.828750,8.851601,6747200
2005-02-01,10.828750,10.912500,10.787500,10.883750,8.896559,7632000
2005-02-02,10.852500,10.875000,10.808750,10.837500,8.858755,14760000
2005-02-03,10.837500,10.856250,10.786250,10.825000,8.848539,9572000
2005-02-04,10.851250,10.906250,10.831250,10.880000,8.893494,6468000
2005-02-07,10.812500,10.857500,10.752500,10.775000,8.807666,12460800
2005-02-08,10.568750,10.625000,10.325000,10.493750,8.577767,28357600
2005-02-09,10.493750,10.493750,10.356250,10.407500,8.507263,10495200
2005-02-10,10.448750,10.508750,10.406250,10.495000,8.578792,8768000
2005-02-11,10.495000,10.612500,10.456250,10.581250,8.649291,6369600
2005-02-14,10.600000,10.737500,10.548750,10.651250,8.706512,11671200
2005-02-15,10.625000,10.717500,10.595000,10.661250,8.714685,11015200
2005-02-16,10.661250,10.775000,10.633750,10.678750,8.728993,9488800
2005-02-17,10.637500,10.682500,10.563750,10.650000,8.705485,8584000
2005-02-18,10.687500,10.722500,10.657500,10.688750,8.737167,9297600
2005-02-22,10.657500,10.731250,10.477500,10.487500,8.572656,12332000
2005-02-23,10.506250,10.637500,10.500000,10.612500,8.674834,9778400
2005-02-24,10.612500,10.837500,10.600000,10.812500,8.838319,11217600
2005-02-25,10.800000,10.922500,10.787500,10.906250,8.914950,8579200
2005-02-28,10.850000,10.986250,10.841250,10.868750,8.884298,12490400
2005-03-01,10.878750,11.032500,10.863750,10.975000,8.971153,12245600
2005-03-02,10.943750,10.991250,10.833750,10.913750,8.921081,13328000
2005-03-03,10.938750,11.000000,10.888750,10.906250,8.914950,8092800
2005-03-04,10.981250,11.010000,10.900000,10.950000,8.950714,9259200
2005-03-07,10.948750,10.978750,10.880000,10.897500,8.907803,7369600
2005-03-08,10.898750,10.907500,10.802500,10.812500,8.838319,8979200
2005-03-09,10.812500,10.828750,10.737500,10.783750,8.814818,8437600
2005-03-10,10.862500,10.891250,10.761250,10.836250,8.870584,8740800
2005-03-11,10.898750,10.987500,10.781250,10.825000,8.861373,9771200
2005-03-14,10.806250,10.881250,10.678750,10.720000,8.775427,10088000
2005-03-15,10.737500,10.948750,10.731250,10.893750,8.917656,14417600
2005-03-16,10.962500,11.065000,10.770000,10.805000,8.845004,16012000
2005-03-17,10.818750,10.930000,10.801250,10.853750,8.884912,16804800
2005-03-18,10.951250,10.951250,10.638750,10.675000,8.738584,40318400
2005-03-21,10.688750,10.695000,10.462500,10.487500,8.585100,19248800
2005-03-22,10.513750,10.573750,10.312500,10.317500,8.445936,21436800
2005-03-23,10.250000,10.337500,10.180000,10.180000,8.333377,19434400
2005-03-24,10.281250,10.497500,10.265000,10.452500,8.556448,17895200
2005-03-28,10.520000,10.550000,10.398750,10.402500,8.515518,16083200
2005-03-29,10.410000,10.410000,10.190000,10.208750,8.356917,14324800
2005-03-30,10.240000,10.310000,10.225000,10.293750,8.426497,9520800
2005-03-31,10.337500,10.475000,10.305000,10.413750,8.524723,10768800
2005-04-01,10.485000,10.530000,10.300000,10.375000,8.493003,10605600
2005-04-04,10.368750,10.370000,10.213750,10.262500,8.400912,10328800
2005-04-05,10.331250,10.403750,10.282500,10.386250,8.502213,10630400
2005-04-06,10.432500,10.475000,10.295000,10.336250,8.461283,7866400
2005-04-07,10.368750,10.368750,10.212500,10.320000,8.447979,8481600
2005-04-08,10.332500,10.398750,10.288750,10.288750,8.422396,7780000
2005-04-11,10.308750,10.375000,10.231250,10.280000,8.415234,7210400
2005-04-12,10.262500,10.311250,10.131250,10.295000,8.427516,9932000
2005-04-13,10.282500,10.287500,9.936250,9.968750,8.160443,16912800
2005-04-14,9.991250,10.037500,9.697500,9.751250,7.982404,18067200
2005-04-15,9.706250,9.721250,9.462500,9.482500,7.762402,14244800
2005-04-18,9.503750,9.533750,9.387500,9.491250,7.769563,16609600
2005-04-19,9.562500,9.747500,9.557500,9.678750,7.923053,13238400
2005-04-20,9.725000,9.725000,9.520000,9.555000,7.821750,15878400
2005-04-21,9.656250,9.846250,9.627500,9.820000,8.038681,13736800
2005-04-22,9.827500,9.896250,9.625000,9.727500,7.962960,14485600
2005-04-25,9.822500,9.973750,9.763750,9.791250,8.015146,8999200
2005-04-26,9.747500,9.855000,9.701250,9.701250,7.941467,8486400
2005-04-27,9.700000,9.796250,9.573750,9.758750,7.988540,8059200
2005-04-28,9.671250,9.732500,9.597500,9.616250,7.871891,11988800
2005-04-29,9.636250,9.675000,9.388750,9.601250,7.859611,16364000
2005-05-02,9.601250,9.783750,9.583750,9.640000,7.891333,8708800
2005-05-03,9.643750,9.768750,9.622500,9.718750,7.955796,9388000
2005-05-04,9.737500,9.800000,9.692500,9.706250,7.945566,8381600
2005-05-05,9.707500,9.837500,9.665000,9.717500,7.954773,8152800
2005-05-06,9.748750,9.848750,9.716250,9.722500,7.958864,7956800
2005-05-09,9.733750,9.841250,9.707500,9.841250,8.056075,6876800
2005-05-10,9.823750,9.823750,9.658750,9.700000,7.940447,7524000
2005-05-11,9.700000,9.782500,9.655000,9.730000,7.965004,8380800
2005-05-12,9.768750,9.812500,9.581250,9.605000,7.862681,9826400
2005-05-13,9.550000,9.675000,9.475000,9.556250,7.822776,9298400
2005-05-16,9.575000,9.700000,9.575000,9.626250,7.880074,14284800
2005-05-17,9.627500,9.872500,9.587500,9.846250,8.060169,21914400
2005-05-18,9.950000,10.387500,9.902500,10.240000,8.382498,31804800
2005-05-19,10.271250,10.465000,10.138750,10.398750,8.512444,20096000
2005-05-20,10.325000,10.378750,10.218750,10.261250,8.399885,11200000
2005-05-23,10.308750,10.425000,10.236250,10.310000,8.439795,13842400
2005-05-24,10.310000,10.341250,10.286250,10.340000,8.464356,13022400
2005-05-25,10.293750,10.321250,10.170000,10.201250,8.350772,7512000
2005-05-26,10.206250,10.281250,10.206250,10.242500,8.384538,6271200
2005-05-27,10.262500,10.337500,10.227500,10.303750,8.434676,5160800
2005-05-31,10.276250,10.315000,10.200000,10.275000,8.411142,6324800
2005-06-01,10.287500,10.498750,10.261250,10.392500,8.507331,10272800
2005-06-02,10.357500,10.530000,10.341250,10.477500,8.576909,8730400
2005-06-03,10.477500,10.531250,10.437500,10.468750,8.569755,5740000
2005-06-06,10.468750,10.558750,10.427500,10.541250,8.629097,5126400
2005-06-07,10.560000,10.675000,10.541250,10.600000,8.677189,8390400
2005-06-08,10.601250,10.636250,10.563750,10.615000,8.689469,10844000
2005-06-09,10.583750,10.736250,10.508750,10.706250,8.777087,10097600
2005-06-10,10.705000,10.768750,10.686250,10.745000,8.808851,9267200
2005-06-13,10.841250,10.958750,10.835000,10.892500,8.929776,19703200
2005-06-14,10.875000,10.912500,10.750000,10.818750,8.869318,7634400
2005-06-15,10.931250,10.990000,10.857500,10.955000,8.981013,14152000
2005-06-16,10.956250,11.121250,10.951250,11.018750,9.033274,15895200
2005-06-17,11.037500,11.107500,11.012500,11.047500,9.056849,19523200
2005-06-20,11.048750,11.080000,11.018750,11.047500,9.056849,10022400
2005-06-21,11.047500,11.136250,11.037500,11.106250,9.105011,7954400
2005-06-22,11.206250,11.236250,11.100000,11.173750,9.160346,13064000
2005-06-23,11.211250,11.366250,11.193750,11.262500,9.233107,16450400
2005-06-24,11.243750,11.270000,11.135000,11.168750,9.156252,21107200
2005-06-27,11.128750,11.128750,10.576250,10.721250,8.789384,59717600
2005-06-28,10.731250,11.031250,10.727500,11.000000,9.017903,22827200
2005-06-29,11.018750,11.018750,10.887500,10.915000,8.948223,12059200
2005-06-30,10.896250,10.906250,10.800000,10.825000,8.874440,17471200
2005-07-01,10.771250,10.825000,10.662500,10.751250,8.813980,11341600
2005-07-05,10.750000,10.943750,10.745000,10.838750,8.885710,13173600
2005-07-06,10.868750,10.872500,10.665000,10.697500,8.769914,9980800
2005-07-07,10.666250,10.698750,10.590000,10.662500,8.741218,9904800
2005-07-08,10.662500,10.780000,10.603750,10.780000,8.837551,7953600
2005-07-11,10.868750,10.898750,10.812500,10.886250,8.924652,10056000
2005-07-12,10.845000,10.887500,10.775000,10.878750,8.918502,8228800
2005-07-13,10.913750,10.936250,10.850000,10.885000,8.923628,8828800
2005-07-14,10.906250,10.988750,10.876250,10.948750,8.975891,13930400
2005-07-15,10.950000,11.062500,10.938750,11.062500,9.069143,10699200
2005-07-18,11.000000,11.050000,10.960000,10.988750,9.008683,10916000
2005-07-19,11.002500,11.028750,10.937500,10.985000,9.005608,7934400
2005-07-20,10.937500,11.062500,10.866250,11.055000,9.062996,11690400
2005-07-21,11.025000,11.026250,10.750000,10.846250,8.891863,17286400
2005-07-22,10.792500,10.885000,10.738750,10.828750,8.877512,13268800
2005-07-25,10.775000,10.800000,10.570000,10.653750,8.734049,14856000
2005-07-26,10.648750,10.655000,10.462500,10.550000,8.648990,12884000
2005-07-27,10.562500,10.570000,10.428750,10.500000,8.608003,26172800
2005-07-28,10.531250,10.572500,10.471250,10.562500,8.659244,12499200
2005-07-29,10.540000,10.602500,10.465000,10.475000,8.587506,6834400
2005-08-01,10.476250,10.536250,10.331250,10.357500,8.491179,14940000
2005-08-02,10.357500,10.728750,9.996250,10.728750,8.795532,37156000
2005-08-03,10.760000,11.125000,10.722500,10.865000,8.907230,27108800
2005-08-04,10.775000,10.842500,10.637500,10.650000,8.730972,10752800
2005-08-05,10.651250,10.652500,10.527500,10.628750,8.713553,6570400
2005-08-08,10.628750,10.690000,10.525000,10.538750,8.639771,10556800
2005-08-09,10.593750,10.597500,10.460000,10.462500,8.577258,7538400
2005-08-10,10.525000,10.527500,10.315000,10.337500,8.474788,20727200
2005-08-11,10.375000,10.397500,10.150000,10.245000,8.398950,14964000
2005-08-12,10.213750,10.307500,10.121250,10.197500,8.360009,11182400
2005-08-15,10.205000,10.337500,10.187500,10.271250,8.420468,12602400
2005-08-16,10.271250,10.271250,10.080000,10.100000,8.280077,11117600
2005-08-17,10.125000,10.152500,9.946250,9.995000,8.193996,22760800
2005-08-18,9.981250,10.171250,9.943750,10.092500,8.273929,20251200
2005-08-19,10.150000,10.187500,10.018750,10.042500,8.232937,15278400
2005-08-22,10.132500,10.132500,9.837500,9.908750,8.123288,19744800
2005-08-23,9.937500,9.976250,9.840000,9.882500,8.101768,16293600
2005-08-24,9.893750,10.031250,9.852500,9.962500,8.167353,17479200
2005-08-25,9.962500,10.067500,9.946250,9.983750,8.184770,9432800
2005-08-26,9.983750,10.008750,9.903750,9.965000,8.169403,10021600
2005-08-29,9.900000,9.972500,9.862500,9.930000,8.140713,7834400
2005-08-30,9.850000,9.856250,9.670000,9.787500,8.023887,21540800
2005-08-31,9.787500,9.872500,9.715000,9.863750,8.086400,10447200
2005-09-01,9.863750,9.902500,9.757500,9.781250,8.018762,10367200
2005-09-02,9.806250,9.856250,9.618750,9.627500,7.892716,12255200
2005-09-06,9.628750,9.752500,9.566250,9.741250,7.985972,17560800
2005-09-07,9.793750,9.793750,9.617500,9.633750,7.897841,24559200
2005-09-08,9.625000,9.837500,9.596250,9.813750,8.058478,27604000
2005-09-09,9.825000,9.937500,9.815000,9.815000,8.059499,16885600
2005-09-12,9.868750,10.117500,9.835000,10.000000,8.211417,22596000
2005-09-13,10.075000,10.200000,9.901250,9.910000,8.137512,21124000
2005-09-14,9.910000,9.935000,9.793750,9.811250,8.056424,18700800
2005-09-15,9.843750,9.886250,9.795000,9.867500,8.102614,27280000
2005-09-16,9.925000,9.965000,9.797500,9.807500,8.053344,55197600
2005-09-19,10.451250,10.656250,10.237500,10.431250,8.565534,83732000
2005-09-20,10.493750,10.498750,9.951250,10.000000,8.211417,36563200
2005-09-21,10.025000,10.108750,9.923750,9.925000,8.149826,20348800
2005-09-22,10.000000,10.166250,9.987500,10.118750,8.308924,18862400
2005-09-23,10.068750,10.242500,9.958750,10.158750,8.341767,13378400
2005-09-26,10.281250,10.312500,10.142500,10.168750,8.349982,17570400
2005-09-27,10.231250,10.255000,10.171250,10.200000,8.375648,10240000
2005-09-28,10.206250,10.250000,10.140000,10.162500,8.344849,10922400
2005-09-29,10.156250,10.177500,10.076250,10.137500,8.324325,15942400
2005-09-30,10.138750,10.210000,10.115000,10.210000,8.383853,14119200
2005-10-03,10.260000,10.325000,10.210000,10.287500,8.447493,18812800
2005-10-04,10.331250,10.497500,10.313750,10.331250,8.483417,18534400
2005-10-05,10.330000,10.370000,10.180000,10.186250,8.364352,12077600
2005-10-06,10.187500,10.425000,10.178750,10.262500,8.426962,13666400
2005-10-07,10.293750,10.411250,10.246250,10.346250,8.495734,10734400
2005-10-10,10.346250,10.472500,10.282500,10.322500,8.476233,9730400
2005-10-11,10.341250,10.468750,10.290000,10.372500,8.517292,11959200
2005-10-12,10.366250,10.387500,10.212500,10.240000,8.408488,12796000
2005-10-13,10.231250,10.253750,9.992500,10.095000,8.289420,13408000
2005-10-14,10.137500,10.247500,10.062500,10.212500,8.385911,10551200
2005-10-17,10.200000,10.290000,10.161250,10.271250,8.434146,8544000
2005-10-18,10.270000,10.276250,10.138750,10.181250,8.360246,9300800
2005-10-19,10.168750,10.312500,10.091250,10.306250,8.462886,12868800
2005-10-20,10.312500,10.468750,10.312500,10.400000,8.539870,16002400
2005-10-21,10.401250,10.531250,10.381250,10.435000,8.568612,10356800
2005-10-24,10.443750,10.540000,10.350000,10.512500,8.632245,13207200
2005-10-25,10.462500,10.531250,10.405000,10.440000,8.572718,10634400
2005-10-26,10.413750,10.531250,10.345000,10.478750,8.604536,10240800
2005-10-27,10.478750,10.480000,10.298750,10.300000,8.457756,12271200
2005-10-28,10.302500,10.415000,10.302500,10.350000,8.498813,8842400
2005-10-31,10.375000,10.533750,10.370000,10.506250,8.627114,17168000
2005-11-01,10.500000,10.530000,10.428750,10.501250,8.623014,8879200
2005-11-02,10.500000,10.732500,10.490000,10.693750,8.781081,14633600
2005-11-03,10.743750,10.903750,10.743750,10.887500,8.940177,17344000
2005-11-04,10.875000,10.998750,10.870000,10.975000,9.012029,15567200
2005-11-07,10.975000,11.026250,10.967500,11.000000,9.032554,14751200
2005-11-08,10.968750,10.968750,10.818750,10.852500,8.911433,10942400
2005-11-09,10.887500,10.900000,10.801250,10.826250,8.889884,6972800
2005-11-10,10.812500,10.936250,10.806250,10.915000,8.962759,6687200
2005-11-11,10.937500,10.937500,10.845000,10.865000,8.921700,5204000
2005-11-14,10.865000,10.907500,10.808750,10.813750,8.879618,4581600
2005-11-15,10.843750,10.851250,10.646250,10.698750,8.785187,9471200
2005-11-16,10.725000,10.777500,10.655000,10.746250,8.824197,6026400
2005-11-17,10.837500,10.893750,10.795000,10.860000,8.917597,6660800
2005-11-18,10.968750,10.968750,10.826250,10.962500,9.001763,11841600
2005-11-21,10.841250,10.891250,10.728750,10.805000,8.872434,22252000
2005-11-22,10.831250,10.905000,10.805000,10.875000,8.929912,12028000
2005-11-23,10.876250,11.000000,10.875000,10.960000,8.999711,7104000
2005-11-25,10.985000,11.068750,10.902500,11.026250,9.054113,3697600
2005-11-28,11.057500,11.057500,10.806250,10.806250,8.873460,11467200
2005-11-29,10.806250,10.825000,10.725000,10.737500,8.817003,7916800
2005-11-30,10.743750,10.830000,10.658750,10.662500,8.755420,9443200
2005-12-01,10.718750,10.771250,10.631250,10.696250,8.783135,9410400
2005-12-02,10.725000,11.027500,10.725000,10.950000,8.991498,16309600
2005-12-05,10.875000,10.992500,10.857500,10.916250,8.963788,8869600
2005-12-06,10.937500,10.971250,10.881250,10.891250,8.943260,11436000
2005-12-07,10.911250,10.941250,10.810000,10.837500,8.899121,7938400
2005-12-08,10.783750,10.783750,10.711250,10.737500,8.832794,12310400
2005-12-09,10.768750,10.778750,10.658750,10.737500,8.832794,12073600
2005-12-12,10.912500,10.956250,10.843750,10.926250,8.988062,15633600
2005-12-13,10.927500,11.017500,10.856250,10.990000,9.040504,14662400
2005-12-14,11.012500,11.442500,11.008750,11.430000,9.402454,45728800
2005-12-15,11.418750,11.427500,11.175000,11.218750,9.228676,16780000
2005-12-16,11.250000,11.260000,11.053750,11.062500,9.100146,15298400
2005-12-19,11.176250,11.176250,10.897500,10.907500,8.972640,14775200
2005-12-20,10.873750,11.093750,10.827500,11.060000,9.098088,18155200
2005-12-21,10.610000,10.771250,10.468750,10.718750,8.817376,69370400
2005-12-22,10.662500,10.825000,10.656250,10.780000,8.867762,15634400
2005-12-23,10.837500,10.933750,10.818750,10.875000,8.945905,16156800
2005-12-27,10.931250,11.031250,10.867500,10.886250,8.955161,13765600
2005-12-28,10.886250,11.031250,10.886250,10.950000,9.007601,9968800
2005-12-29,10.962500,11.015000,10.925000,10.925000,8.987040,5332000
2005-12-30,10.903750,10.986250,10.833750,10.848750,8.924309,5108800
2006-01-03,10.848750,10.925000,10.667500,10.743750,8.837938,18468800
2006-01-04,10.706250,10.800000,10.668750,10.693750,8.796806,15832000
2006-01-05,10.693750,10.826250,10.693750,10.758750,8.850278,9256000
2006-01-06,10.787500,10.827500,10.712500,10.725000,8.822516,7573600
2006-01-09,10.725000,10.977500,10.720000,10.875000,8.945905,10441600
2006-01-10,10.806250,10.982500,10.797500,10.897500,8.964418,11837600
2006-01-11,10.912500,11.007500,10.875000,10.912500,8.976756,10372800
2006-01-12,11.020000,11.020000,10.751250,10.788750,8.874959,11159200
2006-01-13,10.837500,10.890000,10.681250,10.775000,8.863647,9612000
2006-01-17,10.750000,10.750000,10.637500,10.650000,8.760817,11075200
2006-01-18,10.631250,10.680000,10.545000,10.580000,8.703238,9202400
2006-01-19,10.528750,10.620000,10.500000,10.587500,8.709408,8888800
2006-01-20,10.637500,10.703750,10.478750,10.525000,8.657989,16132000
2006-01-23,10.450000,10.500000,10.183750,10.431250,8.580872,38273600
2006-01-24,10.538750,10.565000,10.391250,10.502500,8.639482,16800000
2006-01-25,10.507500,10.567500,10.487500,10.532500,8.664165,10268800
2006-01-26,10.642500,10.642500,10.472500,10.497500,8.635367,15965600
2006-01-27,10.528750,10.578750,10.385000,10.393750,8.550026,17025600
2006-01-30,10.327500,10.348750,10.075000,10.225000,8.411205,78979200
2006-01-31,10.225000,10.256250,10.110000,10.118750,8.323805,20348000
2006-02-01,10.156250,10.515000,10.151250,10.391250,8.547969,35525600
2006-02-02,10.397500,10.488750,10.375000,10.418750,8.570588,20464800
2006-02-03,10.362500,10.477500,10.342500,10.461250,8.605547,15826400
2006-02-06,10.675000,10.718750,10.505000,10.518750,8.652853,19246400
2006-02-07,10.537500,10.587500,10.401250,10.432500,8.581900,10368800
2006-02-08,10.463750,10.618750,10.437500,10.548750,8.677530,18636800
2006-02-09,10.475000,10.555000,10.448750,10.486250,8.626112,9232800
2006-02-10,10.586250,10.586250,10.382500,10.558750,8.685757,10339200
2006-02-13,10.518750,10.543750,10.395000,10.535000,8.666219,9512800
2006-02-14,10.535000,10.580000,10.451250,10.500000,8.637425,11758400
2006-02-15,10.531250,10.625000,10.468750,10.533750,8.665193,9453600
2006-02-16,10.618750,10.635000,10.541250,10.595000,8.715578,6254400
2006-02-17,10.531250,10.653750,10.512500,10.612500,8.729973,8001600
2006-02-21,10.600000,10.661250,10.562500,10.635000,8.748480,8744000
2006-02-22,10.656250,10.866250,10.638750,10.742500,8.836910,12035200
2006-02-23,10.742500,10.926250,10.718750,10.821250,8.901690,10108000
2006-02-24,10.821250,10.937500,10.800000,10.900000,8.966472,11014400
2006-02-27,10.901250,10.962500,10.833750,10.912500,8.976756,7179200
2006-02-28,10.850000,10.978750,10.827500,10.847500,8.923286,18676000
2006-03-01,10.831250,10.892500,10.775000,10.788750,8.874959,10713600
2006-03-02,10.718750,10.798750,10.668750,10.756250,8.848221,13876000
2006-03-03,10.731250,10.840000,10.723750,10.787500,8.873928,8387200
2006-03-06,10.812500,11.005000,10.781250,10.865000,8.937680,14712800
2006-03-07,10.707500,10.707500,10.503750,10.612500,8.729973,24400000
2006-03-08,10.593750,10.635000,10.562500,10.625000,8.740255,19901600
2006-03-09,10.600000,10.686250,10.592500,10.668750,8.792275,11776000
2006-03-10,10.668750,10.718750,10.598750,10.623750,8.755185,9075200
2006-03-13,10.623750,10.628750,10.532500,10.556250,8.699565,9057600
2006-03-14,10.550000,10.580000,10.523750,10.577500,8.717077,8360000
2006-03-15,10.626250,10.660000,10.551250,10.627500,8.758277,11728000
2006-03-16,10.625000,10.808750,10.625000,10.752500,8.861295,12339200
2006-03-17,10.721250,10.740000,10.662500,10.677500,8.799486,11220800
2006-03-20,10.625000,10.777500,10.612500,10.688750,8.808760,15207200
2006-03-21,10.690000,10.690000,10.586250,10.618750,8.751069,19258400
2006-03-22,10.612500,10.897500,10.562500,10.852500,8.943707,38750400
2006-03-23,10.843750,10.887500,10.750000,10.751250,8.860265,23581600
2006-03-24,10.763750,10.842500,10.688750,10.745000,8.855116,12403200
2006-03-27,10.731250,10.731250,10.631250,10.681250,8.802574,8194400
2006-03-28,10.662500,10.730000,10.597500,10.650000,8.776824,8464000
2006-03-29,10.637500,10.693750,10.625000,10.692500,8.811849,6694400
2006-03-30,10.737500,10.741250,10.582500,10.625000,8.756221,11872000
2006-03-31,10.625000,10.650000,10.581250,10.637500,8.766523,8536800
2006-04-03,10.637500,10.732500,10.581250,10.613750,8.746951,11781600
2006-04-04,10.612500,10.647500,10.501250,10.630000,8.760344,7724000
2006-04-05,10.612500,10.643750,10.527500,10.571250,8.711921,7793600
2006-04-06,10.587500,10.640000,10.487500,10.607500,8.741798,11317600
2006-04-07,10.643750,10.668750,10.442500,10.453750,8.615090,10429600
2006-04-10,10.477500,10.512500,10.337500,10.386250,8.559464,10723200
2006-04-11,10.443750,10.492500,10.288750,10.311250,8.497654,10032000
2006-04-12,10.311250,10.348750,10.253750,10.318750,8.503835,11932800
2006-04-13,10.331250,10.462500,10.320000,10.412500,8.581097,13517600
2006-04-17,10.405000,10.406250,10.156250,10.226250,8.427602,16674400
2006-04-18,10.218750,10.267500,10.186250,10.218750,8.421423,17185600
2006-04-19,10.225000,10.302500,10.192500,10.265000,8.459541,9879200
2006-04-20,10.256250,10.375000,10.255000,10.353750,8.532681,7444800
2006-04-21,10.387500,10.393750,10.315000,10.377500,8.552252,9226400
2006-04-24,10.377500,10.378750,10.312500,10.337500,8.519292,11511200
2006-04-25,10.325000,10.353750,10.212500,10.252500,8.449238,9793600
2006-04-26,10.283750,10.310000,10.120000,10.157500,8.370953,12454400
2006-04-27,10.045000,10.242500,10.045000,10.230000,8.430696,10345600
2006-04-28,10.268750,10.298750,10.158750,10.230000,8.430696,6699200
2006-05-01,10.253750,10.302500,10.191250,10.212500,8.416271,9552800
2006-05-02,10.262500,10.288750,10.196250,10.196250,8.402882,7672800
2006-05-03,10.197500,10.225000,10.068750,10.141250,8.357553,11987200
2006-05-04,10.168750,10.237500,10.118750,10.120000,8.340041,8754400
2006-05-05,10.147500,10.197500,10.116250,10.193750,8.400826,6836000
2006-05-08,10.200000,10.305000,10.190000,10.281250,8.472934,7833600
2006-05-09,10.293750,10.356250,10.267500,10.275000,8.467778,6925600
2006-05-10,10.300000,10.365000,10.275000,10.291250,8.481174,7316000
2006-05-11,10.366250,10.387500,10.142500,10.163750,8.376101,8680000
2006-05-12,10.125000,10.238750,10.116250,10.187500,8.395672,10314400
2006-05-15,10.125000,10.211250,10.125000,10.205000,8.410091,9813600
2006-05-16,10.226250,10.261250,10.063750,10.083750,8.310169,12880000
2006-05-17,10.007500,10.112500,9.973750,10.037500,8.272052,15206400
2006-05-18,9.938750,10.120000,9.938750,9.968750,8.215399,11856800
2006-05-19,9.950000,9.956250,9.722500,9.837500,8.107228,31140800
2006-05-22,9.812500,9.881250,9.673750,9.747500,8.033063,23106400
2006-05-23,9.837500,10.187500,9.837500,9.873750,8.137102,26717600
2006-05-24,9.875000,9.946250,9.801250,9.907500,8.164916,13388000
2006-05-25,9.956250,9.972500,9.871250,9.956250,8.205094,6053600
2006-05-26,9.990000,10.191250,9.982500,10.126250,8.345195,12556800
2006-05-30,10.106250,10.111250,9.998750,10.000000,8.241151,7715200
2006-05-31,10.000000,10.076250,10.000000,10.038750,8.273084,10692000
2006-06-01,10.051250,10.191250,10.033750,10.177500,8.387428,11068000
2006-06-02,10.172500,10.270000,10.133750,10.223750,8.425548,10720800
2006-06-05,10.223750,10.225000,10.018750,10.031250,8.266899,14556800
2006-06-06,10.062500,10.090000,9.987500,10.025000,8.261752,9316800
2006-06-07,10.031250,10.147500,10.030000,10.092500,8.317382,18972000
2006-06-08,10.075000,10.122500,9.893750,10.081250,8.324088,13960800
2006-06-09,10.118750,10.215000,10.087500,10.141250,8.373630,6504800
2006-06-12,10.156250,10.287500,10.125000,10.141250,8.373630,11844000
2006-06-13,10.125000,10.277500,10.112500,10.171250,8.398406,11875200
2006-06-14,10.150000,10.276250,10.150000,10.260000,8.471682,13356000
2006-06-15,10.258750,10.530000,10.237500,10.443750,8.623405,13504800
2006-06-16,10.400000,10.535000,10.376250,10.393750,8.582120,8332800
2006-06-19,10.500000,10.506250,10.323750,10.383750,8.573860,10402400
2006-06-20,10.416250,10.433750,10.237500,10.272500,8.482002,13354400
2006-06-21,10.268750,10.406250,10.237500,10.343750,8.540838,11139200
2006-06-22,10.343750,10.498750,10.277500,10.483750,8.656434,13156800
2006-06-23,10.483750,10.621250,10.450000,10.545000,8.707009,11575200
2006-06-26,10.606250,10.617500,10.497500,10.531250,8.695652,8483200
2006-06-27,10.556250,10.556250,10.392500,10.453750,8.631660,14756800
2006-06-28,10.187500,10.187500,9.862500,9.965000,8.228099,68290400
2006-06-29,10.000000,10.155000,9.940000,10.122500,8.358150,20777600
2006-06-30,10.137500,10.238750,10.113750,10.125000,8.360213,10331200
2006-07-03,10.131250,10.218750,10.131250,10.166250,8.394273,4727200
2006-07-05,10.093750,10.112500,9.956250,10.006250,8.262158,18497600
2006-07-06,10.037500,10.051250,9.961250,9.973750,8.235326,15312000
2006-07-07,9.938750,9.987500,9.868750,9.885000,8.162045,15615200
2006-07-10,9.885000,9.956250,9.838750,9.872500,8.151726,9697600
2006-07-11,9.843750,9.890000,9.780000,9.823750,8.111467,11295200
2006-07-12,9.768750,9.861250,9.763750,9.826250,8.113531,18676800
2006-07-13,9.826250,9.888750,9.758750,9.845000,8.129015,14193600
2006-07-14,9.800000,9.897500,9.791250,9.822500,8.110439,19474400
2006-07-17,9.750000,9.887500,9.750000,9.861250,8.142439,18280000
2006-07-18,9.861250,9.895000,9.775000,9.812500,8.102180,26272800
2006-07-19,9.862500,9.930000,9.832500,9.850000,8.133147,23887200
2006-07-20,9.793750,9.978750,9.777500,9.950000,8.215717,19197600
2006-07-21,9.950000,10.037500,9.883750,10.007500,8.263193,19664800
2006-07-24,10.000000,10.118750,9.993750,10.080000,8.323056,14479200
2006-07-25,10.018750,10.088750,9.892500,10.045000,8.294157,14226400
2006-07-26,10.000000,10.016250,9.892500,10.000000,8.257001,12033600
2006-07-27,10.056250,10.163750,9.833750,9.870000,8.149658,11748800
2006-07-28,9.897500,10.031250,9.831250,9.987500,8.246681,13740800
2006-07-31,9.952500,10.031250,9.823750,9.875000,8.153792,14180800
2006-08-01,9.875000,9.960000,9.792500,9.836250,8.121793,17888800
2006-08-02,9.850000,9.892500,9.748750,9.766250,8.063993,26112800
2006-08-03,9.706250,9.792500,9.618750,9.768750,8.066057,31386400
2006-08-04,9.812500,9.887500,9.751250,9.833750,8.119727,17887200
2006-08-07,9.783750,9.785000,9.622500,9.740000,8.042318,19957600
2006-08-08,9.793750,9.865000,9.583750,9.638750,7.958718,16034400
2006-08-09,9.657500,9.711250,9.586250,9.610000,7.934977,14115200
2006-08-10,9.576250,9.606250,9.440000,9.525000,7.864795,21132800
2006-08-11,9.556250,9.601250,9.531250,9.563750,7.896788,21436800
2006-08-14,9.625000,9.702500,9.620000,9.647500,7.965944,13384000
2006-08-15,9.681250,9.722500,9.610000,9.708750,8.016515,20831200
2006-08-16,9.746250,9.748750,9.562500,9.718750,8.024773,25273600
2006-08-17,9.718750,9.722500,9.550000,9.620000,7.943232,20446400
2006-08-18,9.607500,9.628750,9.535000,9.588750,7.917431,17783200
2006-08-21,9.590000,9.631250,9.556250,9.596250,7.923627,9718400
2006-08-22,9.618750,9.705000,9.600000,9.606250,7.931877,11890400
2006-08-23,9.596250,9.630000,9.576250,9.606250,7.931877,11848800
2006-08-24,9.596250,9.636250,9.550000,9.605000,7.930848,12147200
2006-08-25,9.596250,9.623750,9.543750,9.596250,7.923627,12555200
2006-08-28,9.615000,9.746250,9.611250,9.731250,8.035091,13697600
2006-08-29,9.718750,10.008750,9.716250,9.996250,8.253902,24609600
2006-08-30,9.981250,10.055000,9.902500,9.970000,8.232231,25898400
2006-08-31,9.975000,10.118750,9.971250,10.095000,8.335443,15069600
2006-09-01,10.095000,10.171250,10.092500,10.142500,8.374664,14891200
2006-09-05,10.125000,10.180000,10.042500,10.176250,8.402534,14392800
2006-09-06,10.156250,10.223750,10.087500,10.121250,8.357113,11811200
2006-09-07,10.121250,10.121250,9.982500,10.073750,8.333848,13287200
2006-09-08,10.100000,10.261250,10.090000,10.256250,8.484827,16472000
2006-09-11,10.250000,10.327500,10.238750,10.302500,8.523088,13384800
2006-09-12,10.302500,10.493750,10.196250,10.431250,8.629606,22070400
2006-09-13,10.375000,10.420000,10.350000,10.387500,8.593405,30132800
2006-09-14,10.368750,10.372500,10.261250,10.346250,8.559285,19131200
2006-09-15,10.350000,10.410000,10.317500,10.371250,8.579969,18136800
2006-09-18,10.326250,10.371250,10.250000,10.290000,8.512752,19940800
2006-09-19,10.291250,10.291250,10.091250,10.253750,8.482759,24771200
2006-09-20,10.312500,10.356250,10.226250,10.325000,8.541705,27616800
2006-09-21,10.365000,10.481250,10.246250,10.307500,8.527226,28671200
2006-09-22,10.768750,10.857500,10.605000,10.795000,8.930527,61566400
2006-09-25,10.807500,10.870000,10.665000,10.813750,8.946040,28031200
2006-09-26,10.743750,11.091250,10.711250,11.048750,9.140450,33953600
2006-09-27,10.950000,11.113750,10.942500,11.013750,9.111497,30388000
2006-09-28,11.012500,11.066250,10.973750,11.037500,9.131145,10926400
2006-09-29,11.062500,11.062500,10.945000,10.952500,9.060828,11379200
2006-10-02,10.871250,10.996250,10.863750,10.935000,9.046349,9556800
2006-10-03,10.903750,10.996250,10.866250,10.982500,9.085643,11223200
2006-10-04,10.962500,11.196250,10.962500,11.162500,9.234555,18701600
2006-10-05,11.093750,11.181250,11.051250,11.126250,9.204569,13629600
2006-10-06,11.092500,11.092500,10.925000,11.018750,9.115633,12823200
2006-10-09,10.962500,11.085000,10.940000,11.057500,9.147689,7760800
2006-10-10,11.048750,11.168750,11.048750,11.072500,9.160098,9226400
2006-10-11,11.062500,11.092500,10.972500,11.055000,9.145622,7115200
2006-10-12,11.042500,11.252500,11.020000,11.226250,9.287291,16012800
2006-10-13,11.187500,11.253750,11.162500,11.200000,9.265574,8913600
2006-10-16,11.200000,11.343750,11.200000,11.316250,9.361751,12733600
2006-10-17,11.250000,11.291250,11.160000,11.218750,9.281085,11596000
2006-10-18,11.228750,11.237500,11.026250,11.126250,9.204569,14620800
2006-10-19,11.075000,11.197500,11.027500,11.175000,9.244898,6892000
2006-10-20,11.175000,11.183750,11.020000,11.075000,9.162169,9458400
2006-10-23,11.075000,11.297500,11.071250,11.292500,9.342100,9538400
2006-10-24,11.193750,11.407500,11.137500,11.391250,9.423792,10454400
2006-10-25,11.425000,11.671250,11.425000,11.668750,9.653365,22471200
2006-10-26,11.631250,11.758750,11.570000,11.708750,9.686459,16076000
2006-10-27,11.621250,11.656250,11.461250,11.482500,9.499287,11157600
2006-10-30,11.415000,11.532500,11.378750,11.501250,9.514797,10457600
2006-10-31,11.475000,11.512500,11.386250,11.485000,9.501350,9246400
2006-11-01,11.512500,11.512500,11.386250,11.423750,9.450684,14890400
2006-11-02,11.348750,11.613750,11.322500,11.600000,9.596490,16651200
2006-11-03,11.625000,11.717500,11.516250,11.571250,9.572710,11793600
2006-11-06,11.568750,11.640000,11.518750,11.603750,9.599593,11483200
2006-11-07,11.607500,11.651250,11.547500,11.558750,9.562367,14104800
2006-11-08,11.446250,11.672500,11.443750,11.622500,9.615105,8949600
2006-11-09,11.668750,11.668750,11.527500,11.595000,9.592354,9478400
2006-11-10,11.613750,11.762500,11.588750,11.758750,9.727822,8728000
2006-11-13,11.712500,11.875000,11.706250,11.765000,9.732990,11998400
2006-11-14,11.793750,11.848750,11.711250,11.837500,9.792969,7215200
2006-11-15,11.837500,11.991250,11.837500,11.936250,9.874665,13675200
2006-11-16,11.980000,11.987500,11.835000,11.903750,9.847778,6719200
2006-11-17,11.878750,11.973750,11.850000,11.947500,9.883973,10045600
2006-11-20,11.937500,12.061250,11.896250,12.042500,9.962562,9708800
2006-11-21,12.000000,12.111250,11.941250,12.072500,9.987386,7824000
2006-11-22,12.043750,12.130000,12.016250,12.128750,10.033917,4570400
2006-11-24,12.066250,12.167500,12.011250,12.091250,10.002893,5413600
2006-11-27,12.060000,12.108750,11.961250,11.985000,9.914994,8764000
2006-11-28,11.901250,12.012500,11.880000,12.000000,9.927404,7517600
2006-11-29,12.081250,12.147500,12.053750,12.108750,10.017374,7023200
2006-11-30,12.108750,12.412500,12.067500,12.368750,10.232467,17116800
2006-12-01,12.337500,12.393750,12.015000,12.200000,10.092858,13722400
2006-12-04,12.125000,12.291250,12.042500,12.267500,10.148699,13048000
2006-12-05,12.233750,12.373750,12.207500,12.313750,10.186963,14239200
2006-12-06,12.345000,12.345000,12.231250,12.275000,10.154906,14532800
2006-12-07,12.250000,12.325000,12.216250,12.242500,10.147138,7474400
2006-12-08,12.181250,12.273750,12.087500,12.130000,10.053892,8344800
2006-12-11,12.117500,12.245000,12.052500,12.181250,10.096374,14856000
2006-12-12,12.157500,12.170000,12.046250,12.071250,10.005198,13992000
2006-12-13,12.041250,12.068750,11.893750,11.981250,9.930601,14917600
2006-12-14,12.006250,12.156250,11.990000,12.125000,10.049747,11707200
2006-12-15,12.143750,12.153750,12.000000,12.006250,9.951322,10960800
2006-12-18,12.110000,12.162500,12.011250,12.022500,9.964793,8676000
2006-12-19,12.022500,12.043750,11.848750,12.023750,9.965825,13292000
2006-12-20,12.125000,12.510000,12.086250,12.472500,10.337769,28552800
2006-12-21,12.400000,12.650000,12.346250,12.536250,10.390609,34651200
2006-12-22,12.466250,12.522500,12.378750,12.492500,10.354350,9952000
2006-12-26,12.492500,12.560000,12.433750,12.512500,10.370927,6452800
2006-12-27,12.531250,12.531250,12.415000,12.440000,10.310836,6652800
2006-12-28,12.450000,12.482500,12.397500,12.400000,10.277683,6076000
2006-12-29,12.398750,12.487500,12.350000,12.378750,10.260068,6665600
2007-01-03,12.250000,12.463750,12.101250,12.208750,10.119164,17299200
2007-01-04,12.208750,12.371250,12.107500,12.333750,10.222766,15085600
2007-01-05,12.262500,12.426250,12.212500,12.353750,10.239347,14996800
2007-01-08,12.312500,12.373750,12.203750,12.316250,10.208264,10109600
2007-01-09,12.316250,12.492500,12.295000,12.470000,10.335701,15167200
2007-01-10,12.405000,12.481250,12.362500,12.470000,10.335701,13012800
2007-01-11,12.487500,12.543750,12.428750,12.497500,10.358490,14316000
2007-01-12,12.443750,12.502500,12.415000,12.470000,10.335701,9296800
2007-01-16,12.437500,12.498750,12.401250,12.496250,10.357459,9264800
2007-01-17,12.475000,12.487500,12.381250,12.477500,10.341916,10762400
2007-01-18,12.477500,12.531250,12.375000,12.458750,10.326370,16351200
2007-01-19,12.500000,12.523750,12.435000,12.492500,10.354350,11123200
2007-01-22,12.518750,12.518750,12.181250,12.212500,10.122272,19514400
2007-01-23,12.212500,12.287500,12.026250,12.095000,10.024882,13594400
2007-01-24,12.100000,12.160000,12.073750,12.105000,10.033172,8871200
2007-01-25,12.112500,12.208750,11.978750,11.980000,9.929567,10141600
2007-01-26,12.000000,12.082500,11.865000,11.900000,9.863256,10981600
2007-01-29,11.920000,12.077500,11.918750,12.040000,9.979296,16308000
2007-01-30,12.062500,12.223750,12.062500,12.218750,10.127453,19752800
2007-01-31,12.218750,12.406250,12.187500,12.351250,10.237273,17216800
2007-02-01,12.327500,12.628750,12.305000,12.585000,10.431020,24736800
2007-02-02,12.625000,12.677500,12.476250,12.525000,10.381285,10944000
2007-02-05,12.450000,12.540000,12.306250,12.427500,10.300477,11786400
2007-02-06,12.427500,12.660000,12.427500,12.646250,10.481784,11491200
2007-02-07,12.732500,12.875000,12.677500,12.862500,10.661024,20092000
2007-02-08,12.837500,12.962500,12.780000,12.923750,10.711787,15504000
2007-02-09,12.883750,13.016250,12.883750,12.950000,10.733544,16579200
2007-02-12,12.951250,13.052500,12.903750,13.046250,10.813321,20028800
2007-02-13,12.928750,13.196250,12.928750,13.150000,10.899312,18204000
2007-02-14,13.150000,13.222500,13.118750,13.172500,10.917962,13357600
2007-02-15,13.155000,13.212500,13.100000,13.188750,10.931433,11341600
2007-02-16,13.312500,13.438750,13.210000,13.287500,11.013280,15173600
2007-02-20,13.287500,13.387500,13.205000,13.351250,11.066120,14660800
2007-02-21,13.348750,13.421250,13.313750,13.388750,11.097198,11065600
2007-02-22,13.362500,13.537500,13.330000,13.528750,11.213240,11451200
2007-02-23,13.528750,13.528750,13.397500,13.505000,11.193549,7232000
2007-02-26,13.612500,13.612500,13.400000,13.478750,11.171794,13248800
2007-02-27,13.430000,13.480000,12.906250,12.996250,10.771880,18844000
2007-02-28,13.093750,13.138750,12.911250,13.058750,10.823682,17872000
2007-03-01,12.887500,13.246250,12.771250,13.161250,10.908638,16936800
2007-03-02,13.150000,13.236250,12.982500,12.982500,10.760485,11324800
2007-03-05,12.983750,13.032500,12.807500,12.807500,10.615431,11975200
2007-03-06,12.868750,13.187500,12.851250,13.137500,10.888954,12863200
2007-03-07,13.113750,13.188750,12.942500,13.073750,10.836120,18889600
2007-03-08,13.150000,13.298750,13.062500,13.075000,10.856355,12782400
2007-03-09,13.168750,13.285000,13.112500,13.231250,10.986091,10588800
2007-03-12,13.212500,13.262500,13.150000,13.200000,10.960144,8794400
2007-03-13,13.126250,13.175000,12.863750,13.075000,10.856355,11155200
2007-03-14,13.076250,13.142500,12.843750,13.102500,10.879187,13520800
2007-03-15,13.093750,13.282500,13.093750,13.207500,10.966372,11751200
2007-03-16,13.225000,13.463750,13.207500,13.433750,11.154229,19292800
2007-03-19,13.475000,13.576250,13.432500,13.540000,11.242452,11548800
2007-03-20,13.540000,13.667500,13.498750,13.656250,11.338970,8747200
2007-03-21,13.655000,13.762500,13.520000,13.606250,11.297456,15316000
2007-03-22,13.598750,13.622500,13.353750,13.575000,11.271508,25697600
2007-03-23,13.376250,13.658750,13.126250,13.631250,11.318215,35017600
2007-03-26,13.630000,13.675000,13.427500,13.598750,11.291230,11599200
2007-03-27,13.562500,13.563750,13.295000,13.321250,11.060821,17855200
2007-03-28,13.300000,13.301250,13.111250,13.141250,10.911363,18037600
2007-03-29,13.137500,13.218750,13.062500,13.121250,10.894755,13173600
2007-03-30,13.150000,13.336250,13.095000,13.282500,11.028645,12464800
2007-04-02,13.350000,13.397500,13.238750,13.303750,11.046290,9031200
2007-04-03,13.312500,13.450000,13.262500,13.300000,11.043176,10764800
2007-04-04,13.362500,13.500000,13.300000,13.397500,11.124133,11908400
2007-04-05,13.397500,13.457500,13.310000,13.370000,11.101298,9134000
2007-04-09,13.352500,13.522500,13.352500,13.475000,11.188478,11630800
2007-04-10,13.432500,13.515000,13.335000,13.502500,11.211312,13752000
2007-04-11,13.580000,13.702500,13.452500,13.497500,11.207160,10686400
2007-04-12,13.457500,13.580000,13.350000,13.557500,11.256981,8052400
2007-04-13,13.775000,13.775000,13.350000,13.412500,11.136584,8572800
2007-04-16,13.500000,13.625000,13.415000,13.592500,11.286041,9806400
2007-04-17,13.597500,13.600000,13.395000,13.537500,11.240378,8610000
2007-04-18,13.520000,13.525000,13.410000,13.472500,11.186401,8291600
2007-04-19,13.625000,13.625000,13.335000,13.370000,11.101298,9158800
2007-04-20,13.370000,13.432500,13.270000,13.382500,11.111675,14458000
2007-04-23,13.360000,13.560000,13.360000,13.390000,11.117905,9939200
2007-04-24,13.462500,13.470000,13.200000,13.377500,11.107522,9717200
2007-04-25,13.462500,13.500000,13.350000,13.405000,11.130359,9505200
2007-04-26,13.400000,13.507500,13.332500,13.460000,11.176025,12355200
2007-04-27,13.412500,13.577500,13.375000,13.530000,11.234149,7848000
2007-04-30,13.562500,13.750000,13.455000,13.465000,11.180176,10242400
2007-05-01,13.465000,13.465000,13.085000,13.247500,10.999582,12098800
2007-05-02,13.292500,13.465000,13.267500,13.370000,11.101298,9485200
2007-05-03,13.387500,13.475000,13.272500,13.320000,11.059780,5989200
2007-05-04,13.352500,13.457500,13.300000,13.322500,11.061858,7687200
2007-05-07,13.320000,13.530000,13.320000,13.467500,11.182252,10214800
2007-05-08,13.487500,13.620000,13.430000,13.437500,11.157342,10196400
2007-05-09,13.450000,13.555000,13.420000,13.480000,11.192629,12282000
2007-05-10,13.505000,13.505000,13.322500,13.327500,11.066009,10914400
2007-05-11,13.330000,13.330000,13.162500,13.257500,11.007886,13996800
2007-05-14,13.320000,13.382500,13.190000,13.217500,10.974675,14686400
2007-05-15,13.250000,13.312500,13.125000,13.145000,10.914474,13916000
2007-05-16,13.172500,13.335000,13.167500,13.247500,10.999582,10677200
2007-05-17,13.200000,13.322500,13.167500,13.237500,10.991279,8446400
2007-05-18,13.230000,13.312500,13.145000,13.312500,11.053552,9664800
2007-05-21,13.400000,13.735000,13.375000,13.670000,11.350389,16391600
2007-05-22,13.672500,13.842500,13.625000,13.782500,11.443802,15042000
2007-05-23,13.850000,13.850000,13.660000,13.705000,11.379451,8990800
2007-05-24,13.757500,13.847500,13.580000,13.617500,11.306798,11262400
2007-05-25,13.605000,13.625000,13.530000,13.570000,11.267359,9115200
2007-05-29,13.650000,13.812500,13.600000,13.680000,11.358690,12687600
2007-05-30,13.675000,13.935000,13.560000,13.932500,11.568347,14638800
2007-05-31,13.992500,14.280000,13.942500,14.187500,11.780081,21175600
2007-06-01,14.187500,14.272500,14.120000,14.172500,11.767617,16765200
2007-06-04,14.395000,14.395000,14.100000,14.307500,11.879714,9418400
2007-06-05,14.310000,14.375000,14.185000,14.222500,11.809137,12096000
2007-06-06,14.225000,14.225000,13.927500,13.927500,11.564198,16855200
2007-06-07,13.905000,13.905000,13.525000,13.525000,11.267409,26093600
2007-06-08,13.312500,13.335000,12.967500,13.240000,11.029983,35568400
2007-06-11,13.400000,13.507500,13.325000,13.350000,11.121621,20000000
2007-06-12,13.350000,13.450000,13.240000,13.297500,11.077884,23488000
2007-06-13,13.385000,13.505000,13.265000,13.370000,11.138287,12826000
2007-06-14,13.437500,13.485000,13.315000,13.420000,11.179938,16084000
2007-06-15,13.470000,13.472500,13.347500,13.355000,11.125789,12562400
2007-06-18,13.465000,13.492500,13.357500,13.407500,11.169526,7524000
2007-06-19,13.375000,13.660000,13.312500,13.625000,11.350718,12092000
2007-06-20,13.675000,13.747500,13.400000,13.407500,11.169526,10204800
2007-06-21,13.420000,13.537500,13.285000,13.395000,11.159111,11491200
2007-06-22,13.395000,13.427500,13.222500,13.237500,11.027900,15773200
2007-06-25,13.400000,13.745000,13.300000,13.452500,11.207013,19765600
2007-06-26,13.565000,13.750000,13.402500,13.455000,11.209094,21800400
2007-06-27,14.187500,14.675000,13.872500,14.572500,12.140059,56502800
2007-06-28,14.540000,14.815000,14.442500,14.572500,12.140059,20503200
2007-06-29,14.575000,14.730000,14.375000,14.572500,12.140059,11669600
2007-07-02,14.675000,14.850000,14.597500,14.600000,12.162971,14157600
2007-07-03,14.607500,14.790000,14.575000,14.745000,12.283767,9467200
2007-07-05,14.745000,14.850000,14.525000,14.837500,12.360827,12194400
2007-07-06,14.837500,14.992500,14.752500,14.917500,12.427477,8476000
2007-07-09,14.907500,14.907500,14.657500,14.770000,12.304598,10976400
2007-07-10,14.687500,14.820000,14.582500,14.612500,12.173387,11587600
2007-07-11,14.525000,14.687500,14.432500,14.612500,12.173387,15405200
2007-07-12,14.605000,14.882500,14.600000,14.865000,12.383739,12102000
2007-07-13,14.787500,14.815000,14.682500,14.752500,12.290015,8435200
2007-07-16,14.577500,14.760000,14.575000,14.695000,12.242119,8343600
2007-07-17,14.550000,14.897500,14.547500,14.862500,12.381656,12642400
2007-07-18,14.697500,14.937500,14.680000,14.920000,12.429558,14374000
2007-07-19,14.962500,15.087500,14.887500,14.957500,12.460803,16358800
2007-07-20,14.840000,14.975000,14.605000,14.630000,12.187964,19228400
2007-07-23,14.765000,14.952500,14.725000,14.850000,12.371243,14269600
2007-07-24,14.787500,14.850000,14.542500,14.587500,12.152560,19211200
2007-07-25,14.590000,14.640000,14.282500,14.457500,12.044257,18154400
2007-07-26,14.175000,14.317500,13.932500,14.225000,11.850570,34760800
2007-07-27,14.112500,14.260000,13.860000,13.860000,11.546497,21394800
2007-07-30,14.082500,14.232500,13.900000,14.210000,11.838074,18933200
2007-07-31,14.015000,14.410000,14.015000,14.112500,11.756844,19502400
2007-08-01,14.302500,14.307500,13.995000,14.225000,11.850570,24376800
2007-08-02,14.312500,14.312500,14.072500,14.237500,11.860980,13747200
2007-08-03,14.032500,14.365000,14.027500,14.125000,11.767259,17859200
2007-08-06,13.962500,14.397500,13.962500,14.367500,11.969282,14806000
2007-08-07,14.255000,14.657500,14.205000,14.515000,12.092158,15945200
2007-08-08,14.437500,14.590000,13.965000,14.152500,11.790170,18205600
2007-08-09,13.940000,14.000000,13.050000,13.475000,11.225758,34845200
2007-08-10,13.250000,14.025000,13.000000,13.945000,11.617306,22112800
2007-08-13,14.025000,14.427500,13.972500,14.037500,11.694366,14322400
2007-08-14,14.037500,14.197500,13.650000,13.665000,11.384039,12666800
2007-08-15,13.580000,13.805000,13.357500,13.392500,11.157028,13448800
2007-08-16,13.255000,13.447500,13.100000,13.297500,11.077884,17456000
2007-08-17,13.595000,13.870000,13.170000,13.617500,11.344470,12576800
2007-08-20,13.625000,13.742500,13.500000,13.595000,11.325725,13122000
2007-08-21,13.625000,13.712500,13.427500,13.530000,11.271578,10607200
2007-08-22,13.587500,13.750000,13.457500,13.547500,11.286154,14485200
2007-08-23,13.615000,13.730000,13.430000,13.507500,11.252830,9080800
2007-08-24,13.507500,13.602500,13.447500,13.530000,11.271578,7920800
2007-08-27,13.530000,13.620000,13.465000,13.470000,11.221591,7053200
2007-08-28,13.470000,13.597500,13.332500,13.382500,11.148698,18553600
2007-08-29,13.477500,13.865000,13.472500,13.865000,11.550655,11531600
2007-08-30,13.725000,14.000000,13.702500,13.940000,11.613138,9425200
2007-08-31,14.067500,14.197500,13.900000,14.085000,11.733937,12354800
2007-09-04,14.010000,14.310000,13.950000,14.105000,11.750597,13048000
2007-09-05,14.047500,14.050000,13.765000,13.867500,11.552742,9819600
2007-09-06,13.815000,14.132500,13.815000,13.950000,11.660358,9376800
2007-09-07,13.772500,13.787500,13.545000,13.675000,11.430495,10242800
2007-09-10,13.762500,13.902500,13.537500,13.787500,11.524533,8439600
2007-09-11,13.825000,13.925000,13.727500,13.882500,11.603937,6804800
2007-09-12,13.872500,14.152500,13.787500,14.020000,11.718866,9981200
2007-09-13,14.110000,14.320000,13.932500,14.220000,11.886045,8672000
2007-09-14,14.142500,14.357500,14.082500,14.307500,11.959181,9575600
2007-09-17,14.250000,14.250000,14.022500,14.077500,11.766934,18174800
2007-09-18,14.180000,14.785000,14.095000,14.697500,12.285170,18737200
2007-09-19,14.830000,15.132500,14.540000,14.640000,12.237112,25739200
2007-09-20,14.675000,14.750000,14.457500,14.580000,12.186954,16824000
2007-09-21,15.055000,15.247500,14.287500,14.315000,11.965448,41142000
2007-09-24,14.437500,14.527500,14.167500,14.452500,12.080383,24655200
2007-09-25,14.250000,14.720000,14.230000,14.612500,12.214122,22343200
2007-09-26,14.660000,14.700000,14.525000,14.597500,12.201584,10460400
2007-09-27,14.582500,14.587500,14.325000,14.542500,12.155610,14309600
2007-09-28,14.520000,14.722500,14.502500,14.665000,12.258004,12752800
2007-10-01,14.697500,14.910000,14.655000,14.847500,12.410553,16150800
2007-10-02,14.822500,14.967500,14.727500,14.790000,12.362486,9663200
2007-10-03,14.702500,15.000000,14.697500,14.805000,12.375028,12736400
2007-10-04,14.840000,14.870000,14.650000,14.840000,12.404284,10562000
2007-10-05,14.835000,15.125000,14.747500,15.087500,12.611157,16045600
2007-10-08,15.040000,15.117500,14.917500,15.002500,12.540111,7972400
2007-10-09,15.000000,15.547500,14.990000,15.442500,12.907895,23422000
2007-10-10,15.365000,15.592500,15.320000,15.465000,12.926699,17946000
2007-10-11,15.500000,15.525000,15.215000,15.252500,12.749076,23566000
2007-10-12,15.240000,15.860000,15.240000,15.787500,13.196265,21796000
2007-10-15,15.750000,16.184999,15.707500,15.980000,13.357170,19207600
2007-10-16,15.965000,16.010000,15.675000,15.977500,13.355081,17908000
2007-10-17,16.125000,16.142500,15.500000,15.790000,13.198357,13084000
2007-10-18,15.645000,15.900000,15.615000,15.815000,13.219253,8748400
2007-10-19,15.735000,15.992500,15.597500,15.832500,13.233880,18352000
2007-10-22,15.627500,15.867500,15.495000,15.792500,13.200447,17367200
2007-10-23,15.975000,16.094999,15.615000,16.030001,13.398969,15898000
2007-10-24,15.950000,15.975000,15.597500,15.865000,13.261044,19608800
2007-10-25,15.857500,16.049999,15.795000,15.960000,13.340453,19069600
2007-10-26,15.870000,16.247499,15.847500,16.152500,13.501358,14576800
2007-10-29,16.115000,16.367500,16.110001,16.305000,13.628827,9694400
2007-10-30,16.059999,16.362499,16.000000,16.232500,13.568231,8095200
2007-10-31,16.392500,16.642500,16.322500,16.565001,13.846156,11764400
2007-11-01,16.485001,16.517500,15.915000,15.955000,13.336274,12705600
2007-11-02,16.334999,16.337500,15.667500,15.967500,13.346724,9771200
2007-11-05,15.500000,15.982500,15.500000,15.845000,13.244328,10694400
2007-11-06,15.857500,16.067499,15.690000,15.997500,13.371799,9244000
2007-11-07,15.750000,15.997500,15.585000,15.695000,13.118946,11726400
2007-11-08,15.707500,15.907500,15.227500,15.825000,13.227609,15632800
2007-11-09,15.585000,15.710000,15.357500,15.552500,12.999836,12809200
2007-11-12,15.427500,16.100000,15.285000,15.650000,13.081338,16968000
2007-11-13,15.750000,16.030001,15.575000,15.997500,13.371799,12602400
2007-11-14,16.062500,16.200001,15.785000,15.805000,13.210896,11415600
2007-11-15,15.750000,15.995000,15.572500,15.762500,13.175373,8388800
2007-11-16,15.900000,15.977500,15.402500,15.660000,13.089697,14151200
2007-11-19,15.592500,15.812500,15.407500,15.500000,12.955951,12268400
2007-11-20,15.537500,15.730000,15.375000,15.570000,13.014462,11240400
2007-11-21,15.327500,15.980000,15.327500,15.720000,13.139845,9668400
2007-11-23,15.782500,16.000000,15.722500,15.937500,13.321646,3479200
2007-11-26,15.970000,15.970000,15.530000,15.545000,12.993567,7994000
2007-11-27,15.595000,15.977500,15.595000,15.850000,13.248506,10461200
2007-11-28,16.000000,16.405001,15.850000,16.302500,13.626740,14082400
2007-11-29,16.282499,16.282499,15.957500,16.177500,13.522258,6916000
2007-11-30,16.247499,16.547501,16.247499,16.412500,13.718683,10806400
2007-12-03,16.237499,16.982500,16.212500,16.750000,14.000791,13298800
2007-12-04,16.840000,16.840000,16.382500,16.450001,13.750027,14831600
2007-12-05,16.610001,16.687500,16.332500,16.485001,13.779286,10892800
2007-12-06,16.342501,16.410000,16.227501,16.352501,13.716372,10533200
2007-12-07,16.350000,16.530001,16.277500,16.350000,13.714278,7061600
2007-12-10,16.350000,16.520000,16.344999,16.465000,13.810739,7772400
2007-12-11,16.522499,16.652500,16.037500,16.049999,13.462636,11172800
2007-12-12,16.217501,16.459999,15.855000,16.112499,13.515065,13623600
2007-12-13,16.002501,16.317499,15.995000,16.240000,13.622011,15991600
2007-12-14,16.277500,16.277500,15.977500,16.080000,13.487803,9867200
2007-12-17,16.010000,16.190001,15.710000,15.762500,13.221489,9237200
2007-12-18,15.887500,15.945000,15.560000,15.937500,13.368277,13237600
2007-12-19,16.040001,16.162500,15.832500,15.950000,13.378761,12203600
2007-12-20,16.452499,16.850000,16.452499,16.502501,13.842190,25314000
2007-12-21,16.665001,16.665001,16.455000,16.567499,13.896715,11972000
2007-12-24,16.522499,16.757500,16.522499,16.719999,14.024630,5818000
2007-12-26,16.692499,16.745001,16.395000,16.520000,13.856874,7418800
2007-12-27,16.452499,16.557501,16.215000,16.250000,13.630397,8405600
2007-12-28,16.457500,16.469999,16.014999,16.077499,13.485704,17604400
2007-12-31,16.002501,16.197500,16.002501,16.059999,13.471025,7368400
2008-01-02,16.080000,16.174999,15.675000,15.820000,13.269719,9781600
2008-01-03,15.820000,15.937500,15.595000,15.677500,13.150185,10636000
2008-01-04,15.560000,15.720000,15.425000,15.435000,12.946781,22335200
2008-01-07,15.500000,15.580000,15.325000,15.527500,13.024370,20808400
2008-01-08,15.600000,15.745000,15.385000,15.457500,12.965654,16714400
2008-01-09,15.507500,15.507500,15.282500,15.492500,12.995012,23320400
2008-01-10,15.480000,15.795000,15.325000,15.635000,13.114539,22925600
2008-01-11,15.510000,15.510000,15.052500,15.175000,12.728697,22223200
2008-01-14,15.267500,15.370000,14.962500,15.182500,12.734986,14272400
2008-01-15,14.967500,14.972500,14.250000,14.265000,11.965390,28277600
2008-01-16,14.235000,14.565000,14.027500,14.417500,12.093307,23447600
2008-01-17,14.430000,14.590000,13.990000,13.995000,11.738920,17617600
2008-01-18,14.112500,14.967500,14.000000,14.125000,11.847964,17035600
2008-01-22,12.990000,14.500000,12.875000,14.322500,12.013626,22090800
2008-01-23,13.875000,14.520000,13.502500,14.380000,12.061855,31090000
2008-01-24,14.405000,14.657500,14.062500,14.352500,12.038788,21211200
2008-01-25,14.545000,14.545000,13.897500,14.000000,11.743113,18719200
2008-01-28,14.007500,14.432500,13.917500,14.322500,12.013626,10897600
2008-01-29,14.392500,14.392500,14.070000,14.337500,12.026202,14388800
2008-01-30,14.565000,14.985000,14.520000,14.850000,12.456085,22191200
2008-01-31,14.845000,15.545000,14.795000,15.332500,12.860807,29711600
2008-02-01,15.410000,15.627500,15.125000,15.627500,13.108250,16319600
2008-02-04,15.632500,15.657500,15.060000,15.185000,12.737082,12340000
2008-02-05,14.947500,15.212500,14.877500,14.950000,12.539969,14421600
2008-02-06,15.080000,15.347500,14.960000,15.007500,12.588196,15425200
2008-02-07,14.895000,15.262500,14.887500,15.190000,12.741277,15486400
2008-02-08,15.137500,15.352500,14.952500,15.160000,12.716112,11468000
2008-02-11,15.185000,15.322500,15.000000,15.165000,12.720307,10993600
2008-02-12,15.202500,15.492500,15.140000,15.342500,12.869194,12473600
2008-02-13,15.467500,15.685000,15.205000,15.637500,13.116636,13797600
2008-02-14,15.722500,15.750000,15.517500,15.575000,13.064209,12611600
2008-02-15,15.540000,15.730000,15.420000,15.572500,13.062116,10672400
2008-02-19,15.722500,15.747500,15.225000,15.280000,12.816768,9342800
2008-02-20,15.185000,15.382500,15.115000,15.300000,12.833546,9100800
2008-02-21,14.915000,15.287500,14.915000,15.080000,12.649012,13146400
2008-02-22,15.112500,15.195000,14.915000,15.147500,12.705626,13349200
2008-02-25,15.175000,15.432500,15.072500,15.397500,12.915324,9977600
2008-02-26,15.352500,15.750000,15.352500,15.652500,13.129218,10002800
2008-02-27,15.527500,15.730000,15.512500,15.595000,13.080990,9118800
2008-02-28,15.495000,15.602500,15.372500,15.510000,13.009693,8518000
2008-02-29,15.327500,15.427500,14.990000,15.050000,12.623847,11806800
2008-03-03,15.060000,15.127500,14.840000,15.022500,12.600779,10357200
2008-03-04,14.907500,15.225000,14.875000,15.107500,12.672078,16664000
2008-03-05,15.202500,15.477500,15.030000,15.202500,12.751764,11769200
2008-03-06,15.155000,15.160000,14.857500,14.895000,12.541267,18622000
2008-03-07,14.747500,14.930000,14.422500,14.560000,12.259205,17196800
2008-03-10,14.545000,14.745000,14.192500,14.242500,11.991876,16182400
2008-03-11,14.535000,14.550000,14.175000,14.480000,12.191846,14697200
2008-03-12,14.500000,15.067500,14.500000,14.940000,12.579156,18241200
2008-03-13,14.712500,15.342500,14.500000,15.257500,12.846483,19245600
2008-03-14,15.400000,15.400000,14.827500,14.990000,12.621255,18881600
2008-03-17,14.605000,15.040000,14.437500,14.815000,12.473907,18276800
2008-03-18,15.067500,15.435000,14.892500,15.417500,12.981200,13800800
2008-03-19,15.697500,15.730000,15.455000,15.457500,13.014878,20753600
2008-03-20,16.177500,16.837500,15.457500,16.817499,14.159971,43300400
2008-03-24,16.747499,17.650000,16.620001,17.270000,14.540968,29827600
2008-03-25,17.309999,17.325001,17.002501,17.092501,14.391516,20459600
2008-03-26,17.037500,17.100000,16.517500,16.567499,13.949475,20653600
2008-03-27,16.637501,16.827499,16.495001,16.495001,13.888431,15341200
2008-03-28,16.582500,16.607500,16.275000,16.465000,13.863173,21333200
2008-03-31,16.437500,17.065001,16.437500,17.000000,14.313630,23122800
2008-04-01,17.150000,17.477501,16.815001,17.392500,14.644109,18046800
2008-04-02,17.219999,17.500000,16.887501,16.992500,14.307323,15547600
2008-04-03,16.857500,17.334999,16.815001,17.225000,14.503081,12903600
2008-04-04,17.287500,17.312500,16.987499,17.127501,14.420981,12564800
2008-04-07,17.217501,17.237499,16.705000,16.707500,14.067349,13005600
2008-04-08,16.559999,16.860001,16.559999,16.632500,14.004203,13129200
2008-04-09,16.674999,16.817499,16.487499,16.610001,13.985259,12546400
2008-04-10,16.580000,17.004999,16.475000,16.842501,14.181018,17466000
2008-04-11,16.674999,17.000000,16.650000,16.672501,14.037882,13063600
2008-04-14,16.577499,16.690001,16.462500,16.514999,13.905272,8822000
2008-04-15,16.652500,16.652500,16.297501,16.455000,13.854751,9449600
2008-04-16,16.537500,16.637501,16.367500,16.517500,13.907376,11082000
2008-04-17,16.500000,16.927500,16.500000,16.887501,14.218908,13870400
2008-04-18,17.037500,17.037500,16.809999,16.972500,14.290483,16032800
2008-04-21,16.867500,17.215000,16.777500,17.155001,14.444140,14613600
2008-04-22,17.112499,17.195000,16.827499,17.007500,14.319943,11544400
2008-04-23,17.105000,17.237499,16.844999,16.895000,14.225227,14086000
2008-04-24,16.952499,17.150000,16.855000,17.014999,14.326262,14331600
2008-04-25,17.129999,17.212500,16.930000,17.184999,14.469398,12367200
2008-04-28,17.257500,17.257500,16.900000,16.955000,14.275742,11620800
2008-04-29,16.955000,17.127501,16.875000,17.057501,14.362047,10004400
2008-04-30,17.057501,17.174999,16.652500,16.700001,14.061039,16749600
2008-05-01,16.700001,17.127501,16.625000,16.952499,14.273633,12510400
2008-05-02,17.147499,17.147499,16.752501,16.915001,14.242067,11914000
2008-05-05,16.780001,17.122499,16.637501,16.745001,14.098930,8763600
2008-05-06,16.740000,16.955000,16.547501,16.895000,14.225227,7838800
2008-05-07,16.934999,17.165001,16.639999,16.687500,14.050510,10034800
2008-05-08,16.717501,16.752501,16.084999,16.200001,13.640050,18050800
2008-05-09,16.325001,16.325001,16.047501,16.217501,13.654780,9467200
2008-05-12,16.292500,16.482500,16.212500,16.334999,13.753715,33614800
2008-05-13,16.410000,16.520000,16.165001,16.415001,13.821075,15700800
2008-05-14,16.500000,17.097500,16.415001,16.860001,14.195757,15339200
2008-05-15,16.972500,17.110001,16.825001,17.004999,14.317843,11500400
2008-05-16,17.067499,17.067499,16.702499,16.882500,14.214697,8302800
2008-05-19,16.882500,17.162500,16.797501,16.945000,14.267323,9700800
2008-05-20,16.799999,17.040001,16.677500,16.760000,14.111556,14901200
2008-05-21,16.777500,16.837500,16.215000,16.282499,13.709511,11214400
2008-05-22,16.272499,16.372499,16.147499,16.252501,13.684254,10782800
2008-05-23,16.222500,16.322500,16.020000,16.192499,13.633733,8026800
2008-05-27,16.230000,16.670000,16.030001,16.504999,13.896848,10364000
2008-05-28,16.647499,17.017500,16.647499,16.844999,14.183126,12643200
2008-05-29,16.847500,17.217501,16.732500,17.097500,14.395726,11737200
2008-05-30,17.180000,17.219999,16.790001,17.092501,14.391516,10415600
2008-06-02,17.067499,17.067499,16.504999,16.785000,14.132607,11579600
2008-06-03,16.877501,16.930000,16.575001,16.742500,14.096825,11148400
2008-06-04,16.742500,17.100000,16.682501,16.985001,14.301005,14140000
2008-06-05,17.012501,17.570000,16.937500,17.517500,14.799459,19548400
2008-06-06,17.340000,17.395000,16.982500,16.982500,14.347466,12819600
2008-06-09,16.967501,17.222500,16.805000,17.145000,14.484759,13671200
2008-06-10,17.007500,17.250000,17.000000,17.120001,14.463631,15384800
2008-06-11,17.132500,17.132500,16.834999,16.860001,14.243972,18232800
2008-06-12,16.915001,17.150000,16.615000,16.695000,14.104575,12115600
2008-06-13,16.772499,17.430000,16.772499,17.247499,14.571347,13591600
2008-06-16,17.209999,17.215000,16.969999,17.094999,14.442513,12796000
2008-06-17,17.299999,17.299999,16.942499,17.000000,14.362250,13029600
2008-06-18,16.924999,17.237499,16.862499,16.969999,14.336906,12700000
2008-06-19,17.012501,17.120001,16.754999,16.959999,14.328457,11810000
2008-06-20,16.807501,16.875000,16.465000,16.682501,14.094021,16980000
2008-06-23,16.757500,16.945000,16.635000,16.725000,14.129919,12956400
2008-06-24,16.770000,16.847500,16.477501,16.492500,13.933496,14776800
2008-06-25,16.562500,16.877501,16.455000,16.492500,13.933496,19211600
2008-06-26,15.212500,15.500000,14.407500,14.875000,12.566969,74110000
2008-06-27,14.930000,15.457500,14.760000,15.085000,12.744391,30551600
2008-06-30,15.115000,15.137500,14.872500,14.902500,12.590203,19787200
2008-07-01,14.900000,14.910000,14.407500,14.747500,12.459255,29830400
2008-07-02,14.832500,14.980000,14.495000,14.522500,12.269168,19503200
2008-07-03,14.572500,14.860000,14.352500,14.630000,12.359987,9906400
2008-07-07,14.640000,14.805000,13.880000,14.115000,11.924892,33076400
2008-07-08,14.097500,14.590000,13.910000,14.580000,12.317742,19264000
2008-07-09,14.525000,14.525000,14.142500,14.237500,12.028390,25130400
2008-07-10,14.212500,14.237500,13.755000,13.917500,11.758039,21954000
2008-07-11,13.785000,14.217500,13.660000,14.065000,11.882652,25430400
2008-07-14,14.260000,14.327500,13.900000,13.952500,11.787607,16366000
2008-07-15,14.170000,14.540000,13.922500,14.410000,12.174124,22334400
2008-07-16,14.397500,14.590000,14.100000,14.540000,12.283945,24480400
2008-07-17,14.630000,14.692500,14.232500,14.640000,12.368436,25974400
2008-07-18,14.682500,14.695000,14.080000,14.550000,12.292397,16460000
2008-07-21,14.315000,14.470000,14.120000,14.377500,12.146664,11886400
2008-07-22,14.305000,14.667500,14.160000,14.667500,12.391668,15262400
2008-07-23,14.642500,15.107500,14.625000,14.800000,12.503609,15138400
2008-07-24,14.835000,14.985000,14.480000,14.532500,12.277614,13551200
2008-07-25,14.620000,14.742500,14.395000,14.542500,12.286058,12376400
2008-07-28,14.532500,14.725000,14.307500,14.310000,12.089640,10239200
2008-07-29,14.275000,14.810000,14.275000,14.765000,12.474038,9439200
2008-07-30,14.825000,15.102500,14.672500,14.920000,12.604989,10321600
2008-07-31,14.937500,15.057500,14.477500,14.670000,12.393781,10873600
2008-08-01,14.605000,14.947500,14.437500,14.850000,12.545849,12630400
2008-08-04,14.902500,15.045000,14.697500,14.945000,12.626110,9850000
2008-08-05,15.027500,15.395000,14.882500,15.395000,13.006289,18087600
2008-08-06,15.372500,15.637500,15.100000,15.547500,13.135124,18742000
2008-08-07,15.400000,15.400000,15.010000,15.212500,12.852103,17508400
2008-08-08,15.265000,15.822500,15.125000,15.737500,13.295648,11874800
2008-08-11,15.755000,16.200001,15.582500,15.817500,13.363234,13809200
2008-08-12,15.677500,15.850000,15.400000,15.525000,13.116117,12808000
2008-08-13,15.607500,15.662500,15.235000,15.492500,13.088658,8266400
2008-08-14,15.422500,15.712500,15.335000,15.500000,13.094998,10138000
2008-08-15,15.505000,15.722500,15.475000,15.572500,13.156247,11118800
2008-08-18,15.625000,15.687500,15.337500,15.412500,13.021072,6478400
2008-08-19,15.302500,15.380000,15.192500,15.257500,12.890120,7378800
2008-08-20,15.272500,15.350000,15.027500,15.165000,12.811975,12656000
2008-08-21,15.025000,15.182500,14.815000,15.147500,12.797191,10855200
2008-08-22,15.245000,15.500000,15.227500,15.277500,12.907019,9777200
2008-08-25,15.165000,15.315000,14.855000,14.927500,12.611324,10201600
2008-08-26,14.947500,14.967500,14.687500,14.730000,12.444469,11962400
2008-08-27,14.775000,14.950000,14.675000,14.917500,12.602877,9242800
2008-08-28,14.980000,15.385000,14.950000,15.305000,12.930249,9265200
2008-08-29,15.295000,15.335000,15.130000,15.152500,12.801416,6644400
2008-09-02,15.390000,15.685000,15.195000,15.295000,12.921804,13534400
2008-09-03,15.182500,15.522500,15.002500,15.477500,13.075987,12368400
2008-09-04,15.242500,15.432500,14.912500,14.935000,12.664715,11733600
2008-09-05,14.852500,14.922500,14.617500,14.705000,12.469675,13754400
2008-09-08,15.000000,15.105000,14.725000,15.082500,12.789790,12672400
2008-09-09,15.082500,15.387500,14.872500,15.070000,12.779191,14018800
2008-09-10,14.972500,15.202500,14.782500,14.967500,12.692268,14780400
2008-09-11,14.812500,15.255000,14.730000,15.242500,12.925470,13285600
2008-09-12,15.150000,15.520000,15.000000,15.480000,13.126866,13172400
2008-09-15,15.107500,15.670000,14.755000,15.125000,12.825833,14310400
2008-09-16,14.777500,15.485000,14.762500,15.297500,12.972106,14528800
2008-09-17,14.877500,15.342500,14.675000,14.890000,12.626554,19561200
2008-09-18,15.062500,16.497499,14.685000,16.160000,13.703497,50457200
2008-09-19,16.655001,16.665001,15.462500,15.925000,13.504221,28968400
2008-09-22,16.299999,16.452499,15.612500,15.787500,13.387622,16620800
2008-09-23,15.850000,15.850000,15.137500,15.207500,12.895788,17416800
2008-09-24,15.210000,15.260000,14.707500,14.817500,12.565073,18742000
2008-09-25,15.605000,16.445000,15.605000,16.252501,13.781937,46048800
2008-09-26,16.045000,17.000000,16.000000,16.947500,14.371292,30228000
2008-09-29,16.745001,16.837500,16.157499,16.262501,13.790418,31568400
2008-09-30,16.482500,16.860001,16.212500,16.725000,14.182613,21366000
2008-10-01,16.549999,16.754999,16.287500,16.540001,14.025735,14877200
2008-10-02,16.280001,16.500000,15.900000,15.937500,13.514825,21488800
2008-10-03,16.097500,16.500000,15.812500,15.812500,13.408825,16807600
2008-10-06,15.497500,15.750000,14.355000,15.285000,12.961505,34281200
2008-10-07,15.487500,15.487500,14.467500,14.495000,12.291594,18095200
2008-10-08,14.257500,14.717500,13.790000,13.925000,11.808245,36857600
2008-10-09,14.020000,14.237500,13.222500,13.270000,11.252812,24248400
2008-10-10,12.585000,14.480000,12.257500,13.632500,11.560207,38996000
2008-10-13,13.922500,14.087500,13.572500,13.962500,11.840042,26116000
2008-10-14,14.515000,14.875000,14.072500,14.280000,12.109282,32041200
2008-10-15,14.005000,14.132500,12.550000,12.590000,10.676179,28835600
2008-10-16,13.157500,14.052500,12.475000,13.992500,11.865482,33808000
2008-10-17,13.657500,14.552500,13.465000,14.370000,12.185597,24772800
2008-10-20,14.567500,14.937500,14.215000,14.937500,12.666835,21467200
2008-10-21,14.752500,14.927500,14.180000,14.280000,12.109282,17496800
2008-10-22,13.875000,13.967500,12.750000,13.125000,11.129852,26076400
2008-10-23,13.052500,13.330000,12.042500,12.682500,10.754617,29143600
2008-10-24,11.897500,12.547500,11.807500,11.947500,10.131344,30127200
2008-10-27,11.797500,12.220000,11.617500,11.637500,9.868470,15547200
2008-10-28,11.915000,13.125000,11.657500,13.105000,11.112888,25963200
2008-10-29,13.045000,13.722500,12.685000,13.120000,11.125612,17874000
2008-10-30,13.627500,14.095000,13.375000,13.952500,11.831563,24024000
2008-10-31,13.795000,14.760000,13.795000,14.407500,12.217399,21066000
2008-11-03,14.337500,14.625000,13.857500,13.960000,11.837921,12396400
2008-11-04,14.217500,14.312500,13.757500,14.055000,11.918485,12760800
2008-11-05,13.997500,14.097500,13.135000,13.195000,11.189210,16672800
2008-11-06,12.985000,12.985000,12.485000,12.660000,10.735535,28529600
2008-11-07,12.665000,12.810000,11.890000,12.352500,10.474778,24364000
2008-11-10,12.682500,12.682500,11.730000,11.992500,10.169506,21672400
2008-11-11,11.977500,12.055000,11.085000,11.417500,9.681912,29281600
2008-11-12,11.285000,11.435000,10.875000,11.092500,9.406316,19592000
2008-11-13,11.132500,12.232500,10.905000,12.215000,10.358180,24962400
2008-11-14,11.962500,12.162500,11.485000,11.632500,9.864228,17134400
2008-11-17,11.512500,12.007500,11.500000,11.577500,9.817591,17845200
2008-11-18,11.532500,11.860000,11.137500,11.660000,9.887548,19340000
2008-11-19,11.625000,11.815000,10.940000,10.960000,9.293955,16256800
2008-11-20,10.817500,11.960000,10.670000,10.902500,9.245199,27161600
2008-11-21,11.102500,12.042500,10.937500,11.970000,10.150425,25641600
2008-11-24,12.045000,12.750000,11.977500,12.580000,10.667702,18595200
2008-11-25,12.820000,13.187500,12.065000,12.322500,10.449343,23982800
2008-11-26,12.160000,13.372500,12.060000,13.312500,11.288849,15838400
2008-11-28,13.500000,13.500000,12.907500,13.312500,11.288849,7490400
2008-12-01,13.067500,13.067500,11.970000,12.005000,10.180105,14166000
2008-12-02,12.172500,12.620000,12.097500,12.502500,10.601979,16110000
2008-12-03,12.232500,13.105000,11.952500,13.002500,11.025976,17430800
2008-12-04,12.792500,13.542500,12.510000,12.990000,11.068577,21545200
2008-12-05,12.745000,13.392500,12.377500,13.335000,11.362549,13825200
2008-12-08,13.632500,14.332500,13.575000,14.042500,11.965396,32329200
2008-12-09,13.817500,13.907500,13.045000,13.235000,11.277335,19459600
2008-12-10,12.897500,12.987500,12.235000,12.625000,10.757569,25456400
2008-12-11,12.542500,12.810000,12.047500,12.182500,10.380520,16479600
2008-12-12,11.917500,12.425000,11.902500,12.342500,10.516852,14694400
2008-12-15,12.502500,12.720000,11.837500,12.047500,10.265490,13592800
2008-12-16,12.067500,12.550000,11.937500,12.410000,10.574370,24551200
2008-12-17,12.175000,13.100000,12.175000,12.660000,10.787388,15446800
2008-12-18,12.672500,13.562500,12.587500,13.172500,11.224081,24660800
2008-12-19,13.322500,13.500000,12.607500,12.815000,10.919464,24400800
2008-12-22,12.817500,12.912500,12.035000,12.275000,10.459333,13785600
2008-12-23,12.305000,12.505000,11.770000,11.990000,10.216494,13102000
2008-12-24,12.012500,12.345000,11.910000,12.282500,10.465730,4384800
2008-12-26,12.325000,12.505000,12.325000,12.440000,10.599930,4919200
2008-12-29,12.425000,12.492500,12.067500,12.235000,10.425250,9346000
2008-12-30,12.332500,12.450000,12.197500,12.422500,10.585023,9626400
2008-12-31,12.452500,12.887500,12.385000,12.750000,10.864078,15089600
2009-01-02,12.737500,13.400000,12.577500,13.265000,11.302903,12028800
2009-01-05,13.155000,13.442500,13.075000,13.360000,11.383848,12913200
2009-01-06,13.450000,13.500000,12.950000,13.090000,11.153787,15290400
2009-01-07,12.902500,13.000000,12.575000,12.615000,10.749047,20164400
2009-01-08,12.572500,12.850000,12.430000,12.847500,10.947158,15730000
2009-01-09,12.862500,12.945000,12.342500,12.402500,10.567981,13246400
2009-01-12,12.350000,12.617500,12.240000,12.530000,10.676620,13730400
2009-01-13,12.452500,12.737500,12.277500,12.375000,10.544546,15579200
2009-01-14,12.055000,12.115000,11.542500,11.662500,9.937437,27404000
2009-01-15,11.662500,11.842500,11.430000,11.740000,10.003472,16433600
2009-01-16,11.845000,11.850000,11.467500,11.700000,9.969389,14116800
2009-01-20,11.532500,11.735000,11.000000,11.035000,9.402752,14745600
2009-01-21,11.172500,11.435000,10.885000,11.415000,9.726542,13943600
2009-01-22,11.257500,11.715000,11.045000,11.407500,9.720156,14369600
2009-01-23,11.192500,11.567500,11.010000,11.420000,9.730806,11378800
2009-01-26,11.447500,11.770000,11.250000,11.417500,9.728677,8005200
2009-01-27,11.480000,11.540000,11.212500,11.377500,9.694595,9689200
2009-01-28,11.580000,12.087500,11.575000,11.900000,10.139808,11910800
2009-01-29,11.782500,11.920000,11.455000,11.497500,9.796840,8737600
2009-01-30,11.572500,11.622500,11.235000,11.312500,9.639205,10670000
2009-02-02,11.142500,11.325000,10.955000,11.107500,9.464528,10016400
2009-02-03,11.170000,11.622500,11.027500,11.575000,9.862883,11098400
2009-02-04,11.605000,11.607500,11.315000,11.445000,9.752107,15054800
2009-02-05,11.445000,11.857500,11.332500,11.800000,10.054596,14454000
2009-02-06,11.830000,12.280000,11.700000,12.170000,10.369871,13866800
2009-02-09,12.185000,12.185000,11.785000,11.942500,10.176023,11381200
2009-02-10,11.817500,11.942500,11.190000,11.262500,9.596601,18016400
2009-02-11,11.345000,11.347500,10.842500,11.077500,9.438965,23980000
2009-02-12,10.922500,11.152500,10.735000,11.115000,9.470920,14872800
2009-02-13,11.057500,11.257500,10.802500,10.857500,9.251509,12082400
2009-02-17,10.680000,10.680000,10.342500,10.485000,8.934105,22278000
2009-02-18,10.580000,10.985000,10.487500,10.880000,9.270680,23450400
2009-02-19,10.985000,11.095000,10.585000,10.702500,9.119434,13044400
2009-02-20,10.580000,10.840000,10.480000,10.732500,9.144996,12084000
2009-02-23,10.862500,10.975000,10.352500,10.402500,8.863809,12916800
2009-02-24,10.410000,10.780000,10.122500,10.735000,9.147131,13858000
2009-02-25,10.660000,10.790000,10.390000,10.537500,8.978839,15884800
2009-02-26,10.625000,10.632500,10.250000,10.257500,8.740257,12648800
2009-02-27,10.057500,10.545000,10.020000,10.382500,8.846770,18738400
2009-03-02,10.207500,10.322500,9.907500,9.940000,8.469722,17423200
2009-03-03,10.092500,10.312500,10.005000,10.012500,8.531494,17107600
2009-03-04,10.185000,10.830000,10.185000,10.637500,9.064049,16695200
2009-03-05,10.342500,10.485000,9.860000,9.985000,8.558348,23676800
2009-03-06,10.062500,10.227500,9.750000,9.985000,8.558348,23967200
2009-03-09,9.837500,10.020000,9.560000,9.642500,8.264787,20695200
2009-03-10,9.742500,10.500000,9.742500,10.402500,8.916194,22955600
2009-03-11,10.495000,10.985000,10.437500,10.857500,9.306184,19248000
2009-03-12,10.857500,11.210000,10.602500,11.147500,9.554754,18112400
2009-03-13,11.190000,11.205000,10.817500,11.167500,9.571895,19899600
2009-03-16,11.250000,11.270000,10.902500,10.977500,9.409039,16622800
2009-03-17,10.962500,11.412500,10.885000,11.352500,9.730462,21866400
2009-03-18,11.487500,11.632500,11.235000,11.480000,9.839742,23451600
2009-03-19,10.945000,11.750000,10.812500,11.625000,9.964026,32281600
2009-03-20,11.742500,11.965000,11.077500,11.255000,9.646890,24951200
2009-03-23,11.492500,11.927500,11.217500,11.905000,10.204019,14384800
2009-03-24,11.685000,11.802500,11.342500,11.400000,9.771172,12832000
2009-03-25,11.530000,11.812500,11.287500,11.592500,9.936168,13444000
2009-03-26,11.670000,12.072500,11.635000,11.900000,10.199734,14117600
2009-03-27,11.855000,11.912500,11.645000,11.710000,10.036883,7961600
2009-03-30,11.500000,11.610000,11.255000,11.565000,9.912603,13288800
2009-03-31,11.685000,11.910000,11.450000,11.722500,10.047598,17907600
2009-04-01,11.545000,11.800000,11.410000,11.750000,10.071163,13006800
2009-04-02,11.902500,12.835000,11.902500,12.622500,10.819006,23882000
2009-04-03,12.565000,12.972500,12.550000,12.967500,11.114706,14375600
2009-04-06,12.820000,12.875000,12.615000,12.817500,10.986141,11080000
2009-04-07,12.592500,12.595000,12.377500,12.465000,10.684009,11580000
2009-04-08,12.490000,12.655000,12.362500,12.560000,10.765436,13103200
2009-04-09,12.812500,13.375000,12.645000,13.317500,11.414702,18044400
2009-04-13,13.182500,13.367500,12.897500,13.280000,11.382563,13202000
2009-04-14,13.150000,13.150000,12.545000,12.850000,11.013999,16975600
2009-04-15,12.850000,13.050000,12.762500,13.027500,11.166139,11099600
2009-04-16,13.050000,13.522500,12.982500,13.442500,11.521843,11566000
2009-04-17,13.507500,13.750000,13.305000,13.652500,11.701840,13864000
2009-04-20,13.470000,13.470000,13.005000,13.090000,11.219707,9961200
2009-04-21,13.077500,13.412500,13.007500,13.317500,11.414702,10292400
2009-04-22,13.227500,13.997500,13.062500,13.750000,11.785410,14134400
2009-04-23,13.750000,13.857500,13.315000,13.597500,11.654698,12211600
2009-04-24,13.682500,13.810000,13.507500,13.682500,11.727555,8396000
2009-04-27,13.502500,13.820000,13.392500,13.532500,11.598983,9206400
2009-04-28,13.355000,14.075000,13.350000,13.897500,11.911833,9880400
2009-04-29,13.900000,13.937500,13.125000,13.240000,11.348279,21858000
2009-04-30,13.385000,13.755000,13.045000,13.117500,11.243280,19326400
2009-05-01,13.217500,13.342500,13.125000,13.230000,11.339703,13902000
2009-05-04,13.227500,13.817500,13.217500,13.817500,11.843262,14549600
2009-05-05,13.605000,13.795000,13.587500,13.750000,11.785410,13247600
2009-05-06,13.862500,13.945000,13.560000,13.652500,11.701840,14808400
2009-05-07,13.830000,13.917500,13.107500,13.270000,11.373992,18546400
2009-05-08,13.440000,13.715000,13.000000,13.605000,11.661122,11371600
2009-05-11,13.400000,13.452500,13.197500,13.285000,11.386847,15055600
2009-05-12,13.125000,13.212500,12.560000,12.745000,10.924001,24275200
2009-05-13,12.600000,12.600000,12.190000,12.380000,10.611152,18298800
2009-05-14,12.350000,12.842500,12.350000,12.737500,10.917576,16698000
2009-05-15,12.522500,12.900000,12.410000,12.437500,10.660433,14714800
2009-05-18,12.530000,12.820000,12.500000,12.800000,10.971143,10860000
2009-05-19,12.875000,13.150000,12.632500,13.010000,11.151136,14625600
2009-05-20,13.082500,13.135000,12.635000,12.672500,10.861859,14862800
2009-05-21,12.590000,12.857500,12.517500,12.837500,11.003286,15340800
2009-05-22,12.837500,13.222500,12.797500,13.102500,11.230420,14839200
2009-05-26,12.992500,13.642500,12.992500,13.542500,11.607555,16771200
2009-05-27,13.542500,13.822500,13.460000,13.602500,11.658983,15127200
2009-05-28,13.612500,13.840000,13.402500,13.777500,11.808977,15040400
2009-05-29,13.815000,14.285000,13.675000,14.262500,12.224685,16568800
2009-06-01,14.465000,14.987500,14.390000,14.815000,12.698240,17614400
2009-06-02,14.747500,14.830000,14.437500,14.457500,12.391817,18942400
2009-06-03,14.347500,14.555000,14.200000,14.542500,12.464676,14018400
2009-06-04,14.535000,14.535000,14.157500,14.385000,12.382898,13098000
2009-06-05,14.650000,14.780000,14.487500,14.572500,12.544299,16451200
2009-06-08,14.530000,14.655000,14.317500,14.500000,12.481894,10683200
2009-06-09,14.497500,14.737500,14.410000,14.665000,12.623926,9716400
2009-06-10,14.717500,14.765000,14.062500,14.262500,12.277450,23840000
2009-06-11,14.290000,14.472500,14.142500,14.155000,12.184909,15452000
2009-06-12,14.105000,14.247500,13.912500,14.152500,12.182755,15486400
2009-06-15,14.097500,14.117500,13.852500,13.985000,12.038569,12912800
2009-06-16,13.987500,14.187500,13.785000,13.832500,11.907294,9774000
2009-06-17,13.787500,13.882500,13.597500,13.657500,11.756651,13586400
2009-06-18,13.800000,14.357500,13.675000,14.075000,12.116043,17699600
2009-06-19,14.207500,14.490000,14.132500,14.175000,12.202127,15353200
2009-06-22,14.050000,14.050000,13.777500,13.815000,11.892230,12300000
2009-06-23,13.802500,13.815000,13.337500,13.385000,11.522078,16074000
2009-06-24,13.487500,13.590000,13.190000,13.255000,11.410170,20202000
2009-06-25,12.662500,12.892500,12.540000,12.820000,11.035715,59606800
2009-06-26,12.685000,12.842500,12.627500,12.710000,10.941026,21366800
2009-06-29,12.787500,13.040000,12.700000,12.937500,11.136859,13824800
2009-06-30,12.965000,13.120000,12.820000,12.945000,11.143316,11700400
2009-07-01,13.035000,13.247500,12.837500,13.105000,11.281043,12364800
2009-07-02,12.942500,12.957500,12.765000,12.765000,10.988370,15326400
2009-07-06,12.685000,13.075000,12.685000,12.977500,11.171294,14878800
2009-07-07,12.925000,12.962500,12.722500,12.802500,11.020650,12185600
2009-07-08,12.747500,12.927500,12.687500,12.877500,11.085211,10413600
2009-07-09,12.965000,12.965000,12.692500,12.765000,10.988370,8537600
2009-07-10,12.667500,12.947500,12.655000,12.825000,11.040019,9436000
2009-07-13,12.865000,12.977500,12.702500,12.885000,11.091667,12468800
2009-07-14,12.872500,13.072500,12.802500,12.975000,11.169143,8017200
2009-07-15,13.087500,13.247500,12.830000,13.232500,11.390803,15544400
2009-07-16,13.195000,13.370000,13.000000,13.297500,11.446754,13356000
2009-07-17,13.287500,13.287500,12.995000,13.110000,11.285351,13101200
2009-07-20,13.147500,13.310000,13.022500,13.207500,11.369282,10645600
2009-07-21,13.357500,13.360000,12.920000,13.017500,11.205725,11007200
2009-07-22,13.000000,13.107500,12.855000,12.882500,11.089515,14300800
2009-07-23,12.875000,13.020000,12.750000,12.785000,11.005588,21532800
2009-07-24,12.777500,13.105000,12.647500,13.042500,11.227245,14730800
2009-07-27,13.052500,13.100000,12.910000,13.092500,11.270284,6276400
2009-07-28,12.995000,13.235000,12.857500,13.227500,11.386498,10552800
2009-07-29,13.125000,13.625000,13.090000,13.592500,11.700701,21214800
2009-07-30,13.732500,14.132500,13.645000,14.022500,12.070848,20059600
2009-07-31,13.917500,14.442500,13.890000,14.160000,12.189214,21796800
2009-08-03,14.245000,14.270000,14.060000,14.155000,12.184909,13509600
2009-08-04,14.115000,14.392500,14.037500,14.385000,12.382898,14842800
2009-08-05,14.385000,14.542500,14.182500,14.255000,12.270990,16333200
2009-08-06,14.312500,14.450000,14.205000,14.405000,12.400114,14561200
2009-08-07,14.490000,14.567500,14.282500,14.517500,12.496957,11448000
2009-08-10,14.467500,14.467500,14.177500,14.285000,12.296814,9543600
2009-08-11,14.230000,14.272500,14.005000,14.197500,12.221494,7614400
2009-08-12,14.150000,14.475000,14.105000,14.380000,12.378594,12197200
2009-08-13,14.345000,14.457500,14.245000,14.452500,12.441004,8377600
2009-08-14,14.415000,14.500000,14.075000,14.215000,12.236558,9124800
2009-08-17,14.017500,14.115000,13.792500,13.860000,11.930967,10980800
2009-08-18,13.880000,13.962500,13.797500,13.902500,11.967554,13312400
2009-08-19,13.772500,14.230000,13.772500,14.192500,12.217191,11306000
2009-08-20,14.200000,14.285000,14.050000,14.250000,12.266685,11903600
2009-08-21,13.997500,14.125000,13.810000,13.912500,11.976158,22557200
2009-08-24,13.925000,14.062500,13.890000,14.000000,12.051481,15237600
2009-08-25,14.072500,14.117500,13.775000,13.790000,11.870708,18324800
2009-08-26,13.820000,14.000000,13.732500,13.862500,11.933120,13399200
2009-08-27,13.885000,14.282500,13.700000,14.207500,12.230102,19081600
2009-08-28,14.262500,14.345000,13.952500,14.045000,12.090219,8578000
2009-08-31,13.980000,14.000000,13.787500,13.847500,11.920206,7354400
2009-09-01,13.725000,13.880000,13.527500,13.590000,11.698546,20162000
2009-09-02,13.530000,13.582500,13.305000,13.327500,11.472582,17540800
2009-09-03,13.372500,13.475000,13.327500,13.432500,11.617450,14086000
2009-09-04,13.467500,13.595000,13.355000,13.557500,11.725555,9705600
2009-09-08,13.657500,13.815000,13.552500,13.810000,11.943938,11600800
2009-09-09,13.732500,13.870000,13.632500,13.837500,11.967722,15984000
2009-09-10,13.837500,13.950000,13.717500,13.855000,11.982859,18652800
2009-09-11,13.890000,13.972500,13.690000,13.747500,11.889883,17368000
2009-09-14,13.620000,13.805000,13.380000,13.727500,11.872588,14298800
2009-09-15,13.690000,13.750000,13.492500,13.672500,11.825018,14818400
2009-09-16,13.690000,14.362500,13.602500,14.295000,12.363401,24346400
2009-09-17,14.250000,14.702500,14.217500,14.522500,12.560158,14762000
2009-09-18,14.562500,14.720000,14.487500,14.647500,12.668271,11525200
2009-09-21,14.512500,14.842500,14.415000,14.637500,12.659617,9472400
2009-09-22,14.742500,14.875000,14.610000,14.642500,12.663945,12374000
2009-09-23,14.700000,14.812500,14.557500,14.575000,12.605566,43572000
2009-09-24,14.577500,14.685000,14.457500,14.542500,12.577459,26221200
2009-09-25,14.582500,14.962500,14.575000,14.660000,12.679081,17494400
2009-09-28,14.682500,14.827500,14.615000,14.750000,12.756922,10106400
2009-09-29,14.807500,15.047500,14.780000,15.022500,12.992601,34763200
2009-09-30,16.002501,16.237499,16.002501,16.174999,13.989369,67174800
2009-10-01,16.000000,16.100000,15.625000,15.625000,13.513689,33036000
2009-10-02,15.382500,15.597500,15.270000,15.505000,13.409903,22568000
2009-10-05,15.470000,15.730000,15.437500,15.695000,13.574225,11873200
2009-10-06,15.727500,16.105000,15.710000,15.772500,13.641256,14605600
2009-10-07,15.735000,15.930000,15.700000,15.855000,13.712606,8762400
2009-10-08,15.927500,16.090000,15.887500,16.004999,13.842340,9364800
2009-10-09,16.030001,16.047501,15.750000,15.897500,13.749367,8869600
2009-10-12,15.962500,16.000000,15.807500,15.812500,13.675857,6200000
2009-10-13,15.815000,15.962500,15.752500,15.920000,13.768827,7062000
2009-10-14,16.020000,16.307501,15.977500,16.225000,14.032615,14631600
2009-10-15,16.182501,16.252501,16.032499,16.240000,14.045587,14647200
2009-10-16,16.084999,16.299999,16.065001,16.275000,14.075858,14616800
2009-10-19,16.260000,16.587500,16.102501,16.522499,14.289910,18513200
2009-10-20,16.382500,16.447500,16.162500,16.272499,14.073692,13559600
2009-10-21,16.275000,16.450001,16.174999,16.187500,14.000179,13313200
2009-10-22,16.205000,16.424999,16.100000,16.297501,14.095318,9990800
2009-10-23,16.262501,16.290001,15.887500,16.042500,13.874775,12698000
2009-10-26,16.020000,16.240000,15.897500,15.937500,13.783963,11814000
2009-10-27,15.912500,16.172501,15.625000,16.022499,13.857474,15711600
2009-10-28,15.907500,16.065001,15.570000,15.642500,13.528821,14820400
2009-10-29,15.750000,16.027500,15.650000,15.927500,13.775311,10848800
2009-10-30,15.837500,15.947500,15.505000,15.545000,13.444499,14672000
2009-11-02,15.585000,15.905000,15.457500,15.625000,13.513689,11526400
2009-11-03,15.562500,15.762500,15.450000,15.665000,13.548283,10989200
2009-11-04,15.705000,15.950000,15.492500,15.682500,13.563418,8674800
2009-11-05,15.872500,16.197500,15.767500,16.190001,14.002347,10578000
2009-11-06,16.162500,16.205000,15.970000,16.139999,13.959102,7635200
2009-11-09,16.125000,16.332500,16.090000,16.330000,14.123426,9146800
2009-11-10,16.334999,16.422501,16.000000,16.117500,13.939644,9898000
2009-11-11,16.152500,16.392500,16.142500,16.232500,14.039100,6680400
2009-11-12,16.235001,16.347500,15.952500,16.022499,13.857474,6617200
2009-11-13,16.067499,16.240000,15.930000,16.105000,13.928826,7310800
2009-11-16,16.165001,16.584999,16.129999,16.525000,14.292074,10380000
2009-11-17,16.472500,16.500000,16.107500,16.240000,14.045587,7854000
2009-11-18,16.197500,16.197500,15.947500,16.105000,13.928826,8098000
2009-11-19,15.982500,16.075001,15.720000,15.890000,13.742878,9852800
2009-11-20,15.835000,16.020000,15.675000,15.980000,13.820714,12614400
2009-11-23,16.205000,16.382500,16.010000,16.122499,13.943960,9432000
2009-11-24,16.170000,16.275000,16.080000,16.129999,13.950448,6448800
2009-11-25,16.132500,16.467501,16.132500,16.424999,14.205586,7986000
2009-11-27,16.129999,16.360001,16.000000,16.262501,14.065047,4698800
2009-11-30,16.200001,16.385000,16.097500,16.222500,14.030453,9260800
2009-12-01,16.317499,16.522499,16.184999,16.350000,14.140723,7950400
2009-12-02,16.132500,16.532499,16.132500,16.337500,14.129911,5936800
2009-12-03,16.315001,16.397499,16.135000,16.167500,14.040891,11034800
2009-12-04,16.320000,16.462500,15.955000,16.075001,13.960564,10180000
2009-12-07,16.075001,16.247499,16.075001,16.135000,14.012672,8948000
2009-12-08,16.000000,16.097500,15.845000,15.882500,13.793380,14510800
2009-12-09,15.877500,15.877500,15.437500,15.487500,13.450339,23438000
2009-12-10,15.550000,15.850000,15.550000,15.675000,13.613175,11972400
2009-12-11,15.790000,16.047501,15.772500,15.965000,13.865029,10860000
2009-12-14,16.002501,16.080000,15.780000,16.040001,13.930163,9257600
2009-12-15,15.982500,16.272499,15.905000,16.087500,13.971414,9604800
2009-12-16,16.170000,16.170000,15.907500,16.012501,13.906286,7639600
2009-12-17,15.892500,16.012501,15.767500,15.812500,13.732595,11679600
2009-12-18,16.100000,16.337500,16.012501,16.105000,13.986613,20323200
2009-12-21,16.129999,16.317499,16.112499,16.219999,14.086491,7399200
2009-12-22,16.219999,16.332500,16.045000,16.275000,14.134254,8238800
2009-12-23,16.267500,16.382500,16.222500,16.360001,14.208074,6148400
2009-12-24,16.360001,16.389999,16.250000,16.312500,14.166822,2302000
2009-12-28,16.312500,16.387501,16.195000,16.375000,14.221104,5648000
2009-12-29,16.375000,16.607500,16.305000,16.552500,14.375251,8083200
2009-12-30,16.462500,16.559999,16.427500,16.535000,14.360054,6932000
2009-12-31,16.552500,16.655001,16.512501,16.517500,14.344853,6347600
2010-01-04,16.514999,16.517500,16.280001,16.337500,14.188535,11972400
2010-01-05,16.285000,16.447500,16.174999,16.402500,14.244983,6275200
2010-01-06,16.350000,16.422501,16.235001,16.302500,14.158135,13399200
2010-01-07,16.280001,16.500000,16.262501,16.462500,14.297089,7187600
2010-01-08,16.447500,16.462500,16.235001,16.430000,14.268866,7249600
2010-01-11,16.480000,16.482500,16.162500,16.227501,14.093002,10678000
2010-01-12,16.150000,16.275000,16.070000,16.205000,14.073461,11485600
2010-01-13,16.277500,16.417500,16.195000,16.350000,14.199389,5648800
2010-01-14,16.372499,16.457500,16.187500,16.247499,14.110369,7311600
2010-01-15,16.195000,16.252501,15.987500,16.097500,13.980103,11293200
2010-01-19,16.049999,16.200001,15.990000,16.177500,14.049577,7453200
2010-01-20,16.052500,16.102501,15.892500,16.045000,13.934508,8008400
2010-01-21,16.077499,16.084999,15.757500,15.910000,13.817267,13983200
2010-01-22,15.877500,16.059999,15.737500,15.745000,13.673967,13320000
2010-01-25,15.842500,16.010000,15.827500,15.917500,13.823775,10749600
2010-01-26,15.832500,16.027500,15.762500,15.935000,13.838978,6711200
2010-01-27,15.917500,16.042500,15.812500,16.000000,13.895425,13560400
2010-01-28,16.062500,16.250000,15.842500,15.880000,13.791212,7158000
2010-01-29,15.910000,16.162500,15.887500,15.937500,13.841150,10402400
2010-02-01,15.992500,16.112499,15.877500,16.025000,13.917138,6407600
2010-02-02,16.072500,16.072500,15.902500,15.982500,13.880227,9539200
2010-02-03,15.922500,16.025000,15.830000,16.000000,13.895425,7889200
2010-02-04,15.882500,15.937500,15.512500,15.522500,13.480737,17924800
2010-02-05,15.505000,15.557500,15.222500,15.425000,13.396063,13110800
2010-02-08,15.405000,15.530000,15.307500,15.325000,13.309211,8177200
2010-02-09,15.445000,15.775000,15.417500,15.627500,13.571922,9438000
2010-02-10,15.627500,15.737500,15.562500,15.660000,13.600148,7698400
2010-02-11,15.607500,15.792500,15.530000,15.737500,13.667458,7010000
2010-02-12,15.630000,15.637500,15.430000,15.622500,13.567584,11152000
2010-02-16,15.705000,15.912500,15.582500,15.912500,13.819436,9628000
2010-02-17,15.967500,16.172501,15.905000,16.120001,13.999643,10640400
2010-02-18,16.122499,16.147499,15.977500,16.110001,13.990958,6468000
2010-02-19,16.035000,16.150000,16.002501,16.087500,13.971414,9498000
2010-02-22,16.142500,16.192499,16.007500,16.077499,13.962732,6864800
2010-02-23,16.075001,16.137501,15.902500,16.032499,13.923653,7738800
2010-02-24,16.000000,16.254999,16.000000,16.232500,14.097345,11618000
2010-02-25,16.252501,16.570000,16.002501,16.540001,14.364399,15967600
2010-02-26,16.557501,16.962500,16.557501,16.900000,14.677043,19633200
2010-03-01,16.977501,17.177500,16.902500,17.059999,14.815998,10674000
2010-03-02,17.014999,17.082500,16.920000,17.007500,14.770401,9844800
2010-03-03,16.924999,16.992500,16.815001,16.910000,14.685729,8670400
2010-03-04,17.004999,17.014999,16.860001,16.907499,14.742406,6306400
2010-03-05,16.957500,17.127501,16.957500,17.080000,14.892817,7460000
2010-03-08,16.992500,17.240000,16.992500,17.205000,15.001809,7084000
2010-03-09,17.190001,17.295000,17.132500,17.232500,15.025788,6042400
2010-03-10,17.227501,17.312500,17.102501,17.280001,15.067206,5592800
2010-03-11,17.275000,17.462500,17.177500,17.437500,15.204539,6960000
2010-03-12,17.355000,17.497499,17.352501,17.475000,15.237238,7208400
2010-03-15,17.437500,17.682501,17.430000,17.597500,15.344049,9514000
2010-03-16,17.582500,17.762501,17.525000,17.594999,15.341866,10107200
2010-03-17,17.597500,17.832500,17.570000,17.719999,15.450862,14751600
2010-03-18,18.337500,18.837500,18.325001,18.665001,16.274851,43696000
2010-03-19,18.565001,18.580000,18.280001,18.379999,16.026344,18789600
2010-03-22,18.222500,18.540001,18.205000,18.469999,16.104824,11696000
2010-03-23,18.600000,18.647499,18.492500,18.622499,16.237791,8986000
2010-03-24,18.587500,18.597500,18.252501,18.344999,15.995829,11069200
2010-03-25,18.542500,18.695000,18.382500,18.392500,16.037241,11321600
2010-03-26,18.450001,18.687500,18.342501,18.472500,16.106995,8661600
2010-03-29,18.540001,18.582500,18.395000,18.492500,16.124439,6522400
2010-03-30,18.502501,18.600000,18.387501,18.452499,16.089556,6461200
2010-03-31,18.372499,18.525000,18.320000,18.375000,16.021982,7916000
2010-04-01,18.490000,18.597500,18.437500,18.502501,16.133154,8376400
2010-04-05,18.547501,18.705000,18.405001,18.527500,16.154959,7081600
2010-04-06,18.385000,18.537500,18.375000,18.477501,16.111351,8428000
2010-04-07,18.492500,18.547501,18.325001,18.397499,16.041601,8851200
2010-04-08,18.365000,18.570000,18.264999,18.497499,16.128794,10410400
2010-04-09,18.545000,18.820000,18.412500,18.795000,16.388203,12502000
2010-04-12,18.822500,18.987499,18.799999,18.882500,16.464497,8867200
2010-04-13,18.857500,18.982500,18.687500,18.877501,16.460142,7025200
2010-04-14,18.902500,18.965000,18.750000,18.950001,16.523350,6804400
2010-04-15,18.892500,18.955000,18.742500,18.910000,16.488476,7014400
2010-04-16,18.897499,19.000000,18.745001,18.792500,16.386023,13739200
2010-04-19,18.737499,18.950001,18.562500,18.895000,16.475397,8790400
2010-04-20,19.004999,19.145000,18.975000,19.090000,16.645428,9584400
2010-04-21,19.100000,19.285000,19.042500,19.180000,16.723902,10800800
2010-04-22,19.072500,19.632500,19.052500,19.557501,17.053057,13848800
2010-04-23,19.455000,19.610001,19.325001,19.475000,16.981125,10151200
2010-04-26,19.477501,19.617500,19.445000,19.504999,17.007280,6050400
2010-04-27,19.417500,19.622499,19.152500,19.184999,16.728256,11016800
2010-04-28,19.235001,19.507500,19.035000,19.110001,16.662870,10812000
2010-04-29,19.275000,19.422501,19.180000,19.392500,16.909185,9083600
2010-04-30,19.362499,19.469999,18.972500,18.977501,16.547333,9869600
2010-05-03,19.002501,19.597500,18.977501,19.442499,16.952785,8428400
2010-05-04,19.504999,19.637501,19.275000,19.337500,16.861233,14530400
2010-05-05,19.217501,19.325001,18.674999,18.802500,16.394745,17310400
2010-05-06,18.637501,18.997499,16.747499,18.075001,15.760403,26330000
2010-05-07,17.837500,18.110001,17.445000,17.652500,15.392002,21502400
2010-05-10,18.472500,19.192499,18.434999,19.162500,16.708635,26477600
2010-05-11,18.950001,19.267500,18.940001,19.107500,16.660685,13755200
2010-05-12,19.177500,19.495001,19.002501,19.462500,16.970224,9956000
2010-05-13,19.412500,19.497499,18.837500,18.887501,16.468861,20976800
2010-05-14,18.657499,18.750000,18.295000,18.434999,16.074303,19014000
2010-05-17,18.432501,18.462500,18.007500,18.407499,16.050322,16944400
2010-05-18,18.540001,18.752501,18.174999,18.232500,15.897735,18855600
2010-05-19,18.135000,18.180000,17.750000,18.062500,15.749506,23478800
2010-05-20,17.632500,17.897499,17.392500,17.577499,15.326608,25056400
2010-05-21,17.285000,17.945000,17.035000,17.847500,15.562031,17064000
2010-05-24,17.792500,17.977501,17.677500,17.834999,15.551133,22684400
2010-05-25,17.522499,18.250000,17.317499,18.227501,15.893370,21164000
2010-05-26,18.379999,18.405001,17.980000,18.129999,15.808356,16727200
2010-05-27,18.320000,18.490000,18.190001,18.475000,16.109186,14743600
2010-05-28,18.405001,18.465000,17.990000,18.094999,15.777840,15556800
2010-06-01,17.860001,18.155001,17.674999,17.795000,15.516253,14684000
2010-06-02,17.827499,18.264999,17.827499,18.250000,15.912994,12660800
2010-06-03,18.299999,18.465000,18.235001,18.407499,16.109903,11356800
2010-06-04,18.090000,18.117500,17.540001,17.692499,15.484154,15403600
2010-06-07,17.635000,17.754999,17.370001,17.397499,15.225974,11056400
2010-06-08,17.397499,17.607500,17.162500,17.565001,15.372565,12263200
2010-06-09,17.629999,17.832500,17.417500,17.502501,15.317865,12914000
2010-06-10,17.797501,18.137501,17.785000,17.937500,15.698572,11831200
2010-06-11,17.822500,18.160000,17.757500,18.082500,15.825471,8808400
2010-06-14,18.122499,18.237499,17.977501,18.055000,15.801408,8746400
2010-06-15,18.072500,18.495001,18.072500,18.495001,16.186493,8697600
2010-06-16,18.342501,18.625000,18.270000,18.457500,16.153660,12700400
2010-06-17,18.605000,18.674999,18.407499,18.642500,16.315578,11802400
2010-06-18,18.700001,18.807501,18.617500,18.735001,16.396534,11196400
2010-06-21,18.872499,18.980000,18.455000,18.587500,16.267435,11192000
2010-06-22,18.610001,18.750000,18.042500,18.115000,15.853918,10388000
2010-06-23,18.165001,18.295000,17.875000,18.129999,15.867043,11658800
2010-06-24,17.502501,17.667500,17.299999,17.407499,15.234728,36104000
2010-06-25,17.465000,17.617500,17.225000,17.530001,15.341940,18090000
2010-06-28,17.625000,17.717501,17.407499,17.625000,15.425082,12720400
2010-06-29,17.407499,17.417500,16.860001,17.042500,14.915283,23320800
2010-06-30,16.985001,17.285000,16.825001,16.887501,14.779633,18551200
2010-07-01,16.972500,17.125000,16.692499,17.017500,14.893404,20482400
2010-07-02,17.047501,17.235001,16.857500,16.965000,14.847460,11626800
2010-07-06,17.052500,17.292500,16.584999,16.802500,14.705241,16874800
2010-07-07,16.867500,17.147499,16.752501,17.139999,15.000612,17171600
2010-07-08,17.307501,17.620001,17.254999,17.570000,15.376941,17801600
2010-07-09,17.540001,17.552500,17.379999,17.537500,15.348501,10962400
2010-07-12,17.492500,17.617500,17.320000,17.452499,15.274107,8889600
2010-07-13,17.600000,17.730000,17.504999,17.617500,15.418516,12129600
2010-07-14,17.540001,17.650000,17.367500,17.635000,15.433830,11656000
2010-07-15,17.584999,17.700001,17.337500,17.662500,15.457892,14103200
2010-07-16,17.587500,17.665001,17.172501,17.240000,15.088138,13703600
2010-07-19,17.285000,17.367500,17.047501,17.152500,15.011554,9580000
2010-07-20,16.975000,17.500000,16.905001,17.459999,15.280674,14804000
2010-07-21,17.532499,17.767500,17.327499,17.412500,15.239104,15788800
2010-07-22,17.597500,18.030001,17.590000,17.889999,15.657003,13528000
2010-07-23,17.875000,18.290001,17.790001,18.184999,15.915175,11518800
2010-07-26,18.177500,18.487499,18.120001,18.305000,16.020203,10491600
2010-07-27,18.424999,18.462500,18.209999,18.420000,16.120852,10412400
2010-07-28,18.410000,18.504999,18.217501,18.277500,15.996135,8456400
2010-07-29,18.412500,18.527500,18.170000,18.382500,16.088030,9664400
2010-07-30,18.252501,18.487499,18.160000,18.410000,16.112095,8702800
2010-08-02,18.597500,18.742500,18.485001,18.580000,16.260885,10268000
2010-08-03,18.549999,18.549999,18.212500,18.275000,15.993944,12723600
2010-08-04,18.295000,18.592501,18.282499,18.500000,16.190863,12157600
2010-08-05,18.362499,18.590000,18.325001,18.514999,16.203987,8065600
2010-08-06,18.355000,18.522499,18.195000,18.490000,16.182110,7698800
2010-08-09,18.535000,18.750000,18.469999,18.530001,16.217119,7893600
2010-08-10,18.355000,18.597500,18.200001,18.477501,16.171164,9386400
2010-08-11,18.192499,18.195000,17.870001,18.020000,15.770778,12152000
2010-08-12,17.747499,17.947500,17.674999,17.879999,15.648251,9752000
2010-08-13,17.852501,17.870001,17.620001,17.645000,15.442577,8794400
2010-08-16,17.527500,17.867500,17.442499,17.764999,15.547608,9525600
2010-08-17,17.937500,18.177500,17.867500,17.927500,15.689817,10123600
2010-08-18,17.922501,18.177500,17.735001,18.059999,15.805785,8782800
2010-08-19,17.952499,18.002501,17.639999,17.834999,15.608869,9880800
2010-08-20,17.682501,17.852501,17.622499,17.815001,15.591369,7151600
2010-08-23,17.907499,18.097500,17.737499,17.737499,15.523539,7856000
2010-08-24,17.507500,17.682501,17.352501,17.512501,15.326620,10616000
2010-08-25,17.362499,17.590000,17.080000,17.532499,15.344123,12604400
2010-08-26,17.662500,17.930000,17.584999,17.597500,15.401011,13606400
2010-08-27,17.682501,17.790001,17.424999,17.735001,15.521347,10624800
2010-08-30,17.680000,17.850000,17.490000,17.590000,15.394444,10087600
2010-08-31,17.502501,17.690001,17.395000,17.500000,15.315681,11941600
2010-09-01,17.782499,18.055000,17.705000,18.032499,15.781718,13737200
2010-09-02,18.020000,18.267500,17.942499,18.240000,16.023294,9632000
2010-09-03,18.434999,18.610001,18.312500,18.562500,16.306604,12278000
2010-09-07,18.445000,18.617500,18.437500,18.504999,16.256084,8101200
2010-09-08,18.559999,18.677500,18.475000,18.535000,16.282440,9198000
2010-09-09,18.707500,18.754999,18.400000,18.480000,16.234123,7006800
2010-09-10,18.537500,18.712500,18.417500,18.437500,16.196789,8159200
2010-09-13,18.602501,18.820000,18.594999,18.670000,16.401033,9858400
2010-09-14,18.617500,18.969999,18.592501,18.817499,16.530609,9995200
2010-09-15,18.787500,19.177500,18.732500,19.139999,16.813913,15811600
2010-09-16,19.075001,19.217501,18.980000,19.160000,16.831484,8692800
2010-09-17,19.232500,19.385000,19.120001,19.315001,16.967646,12146400
2010-09-20,19.325001,19.760000,19.322500,19.592501,17.211420,15101600
2010-09-21,19.482500,19.517500,19.305000,19.422501,17.062084,13273600
2010-09-22,19.367500,19.497499,19.174999,19.327499,16.978628,10488800
2010-09-23,19.225000,19.530001,19.147499,19.417500,17.057692,17721600
2010-09-24,20.337500,20.424999,19.870001,19.892500,17.474960,33384400
2010-09-27,19.855000,19.875000,19.537500,19.777500,17.373941,18776000
2010-09-28,19.767500,20.205000,19.642500,20.160000,17.709961,21709600
2010-09-29,20.067499,20.102501,19.807501,19.982500,17.554029,14574000
2010-09-30,20.002501,20.200001,19.877501,20.035000,17.600149,13493200
2010-10-01,20.240000,20.240000,19.957500,20.062500,17.624308,14170000
2010-10-04,19.980000,20.065001,19.760000,19.969999,17.543045,10353200
2010-10-05,20.150000,20.367500,20.067499,20.325001,17.854902,13471200
2010-10-06,20.257500,20.327499,20.205000,20.327499,17.857109,9634400
2010-10-07,20.317499,20.330000,20.077499,20.247499,17.786818,12183600
2010-10-08,20.235001,20.650000,20.225000,20.510000,18.017416,19038400
2010-10-11,20.405001,20.575001,20.375000,20.495001,18.004242,9902800
2010-10-12,20.750000,20.850000,20.450001,20.472500,17.984484,22497200
2010-10-13,20.594999,20.687500,20.375000,20.504999,18.013027,10490800
2010-10-14,20.430000,20.567499,20.334999,20.442499,17.958128,9410000
2010-10-15,20.565001,20.615000,20.405001,20.500000,18.008636,8276800
2010-10-18,20.500000,20.530001,20.375000,20.415001,17.933969,6297600
2010-10-19,20.115000,20.387501,20.020000,20.182501,17.729723,10816400
2010-10-20,20.260000,20.417500,20.212500,20.309999,17.841726,7533200
2010-10-21,20.405001,20.709999,20.372499,20.527500,18.032793,11593200
2010-10-22,20.527500,20.632500,20.427500,20.480000,17.991064,4240400
2010-10-25,20.642500,20.757500,20.502501,20.512501,18.019615,8882800
2010-10-26,20.410000,20.555000,20.315001,20.455000,17.969110,10289600
2010-10-27,20.309999,20.337500,20.067499,20.257500,17.795607,8974000
2010-10-28,20.327499,20.424999,20.142500,20.277500,17.813175,6505600
2010-10-29,20.235001,20.372499,20.162500,20.360001,17.885647,8051600
2010-11-01,20.469999,20.500000,20.147499,20.275000,17.810980,7583200
2010-11-02,20.450001,20.559999,20.377501,20.437500,17.953733,7117600
2010-11-03,20.432501,20.542500,20.240000,20.457500,17.971302,7029200
2010-11-04,20.680000,20.872499,20.600000,20.852501,18.318296,9876000
2010-11-05,20.809999,21.027500,20.809999,21.027500,18.472033,9038800
2010-11-08,20.915001,20.959999,20.740000,20.902500,18.362215,7300400
2010-11-09,20.912500,20.922501,20.719999,20.799999,18.272175,9705200
2010-11-10,20.785000,20.997499,20.705000,20.969999,18.421513,8811200
2010-11-11,20.837500,20.950001,20.747499,20.917500,18.375395,6689600
2010-11-12,20.797501,20.912500,20.510000,20.655001,18.144794,7630400
2010-11-15,20.727501,20.735001,20.424999,20.450001,17.964712,7975600
2010-11-16,20.395000,20.559999,20.065001,20.127501,17.681408,12930800
2010-11-17,20.195000,20.482500,20.142500,20.347500,17.874666,10762000
2010-11-18,20.542500,20.735001,20.542500,20.617500,18.111853,8432000
2010-11-19,20.717501,21.580000,20.717501,21.452499,18.845373,19276800
2010-11-22,21.270000,21.500000,21.270000,21.480000,18.869537,7275600
2010-11-23,21.262501,21.469999,21.219999,21.315001,18.724592,6632000
2010-11-24,21.360001,21.742500,21.360001,21.632500,19.003498,8905600
2010-11-26,21.577499,21.650000,21.475000,21.490000,18.878319,4050400
2010-11-29,21.350000,21.350000,20.980000,21.290001,18.702627,9700400
2010-11-30,21.125000,21.650000,21.092501,21.532499,18.915661,13166000
2010-12-01,21.870001,22.070000,21.850000,21.910000,19.247276,7963600
2010-12-02,21.959999,22.000000,21.740000,21.957500,19.357475,6449200
2010-12-03,21.877501,21.995001,21.705000,21.882500,19.291359,8116400
2010-12-06,21.877501,21.990000,21.760000,21.932501,19.335436,4806400
2010-12-07,22.097500,22.112499,21.780001,21.797501,19.216417,7686800
2010-12-08,21.862499,21.912500,21.600000,21.830000,19.245079,5462800
2010-12-09,22.035000,22.125000,21.809999,21.867500,19.278122,6420400
2010-12-10,21.940001,22.097500,21.875000,21.950001,19.350863,5095200
2010-12-13,22.410000,22.629999,22.252501,22.307501,19.666033,12956400
2010-12-14,22.245001,22.434999,22.127501,22.320000,19.677052,7558800
2010-12-15,22.317499,22.400000,22.107500,22.145000,19.522770,7000800
2010-12-16,22.135000,22.312500,21.942499,22.307501,19.666033,7224400
2010-12-17,22.340000,22.587500,22.320000,22.512501,19.846764,11552400
2010-12-20,22.632500,22.717501,22.407499,22.567499,19.895245,8692800
2010-12-21,22.750000,23.122499,22.620001,23.075001,20.342651,25000000
2010-12-22,21.750000,22.062500,21.650000,21.737499,19.163527,33224000
2010-12-23,21.732500,21.750000,21.357500,21.512501,18.965170,13772800
2010-12-27,21.495001,21.520000,21.375000,21.457500,18.916683,6373600
2010-12-28,21.559999,21.695000,21.527500,21.582500,19.026884,8459600
2010-12-29,21.635000,21.635000,21.312500,21.317499,18.793257,6960400
2010-12-30,21.325001,21.530001,21.280001,21.440001,18.901257,5910000
2010-12-31,21.350000,21.459999,21.280001,21.355000,18.826317,5796000
2011-01-03,21.457500,21.645000,21.315001,21.522499,18.973982,8566400
2011-01-04,21.400000,21.437500,20.937500,20.992500,18.506742,13797600
2011-01-05,20.912500,21.207500,20.877501,21.129999,18.627964,11598800
2011-01-06,21.112499,21.125000,20.889999,20.940001,18.460466,8057200
2011-01-07,20.924999,20.987499,20.817499,20.882500,18.409769,8174400
2011-01-10,20.812500,21.122499,20.764999,21.042500,18.550825,8914400
2011-01-11,21.049999,21.200001,20.905001,21.004999,18.517761,5563200
2011-01-12,21.100000,21.122499,20.920000,20.932501,18.453856,9653600
2011-01-13,20.957500,20.957500,20.612499,20.639999,18.195986,9774400
2011-01-14,20.655001,21.075001,20.592501,21.017500,18.528786,8390800
2011-01-18,21.105000,21.245001,20.967501,21.014999,18.526577,9024400
2011-01-19,21.022499,21.042500,20.707500,20.915001,18.438425,10901200
2011-01-20,20.799999,20.912500,20.625000,20.767500,18.308392,9431200
2011-01-21,20.877501,20.889999,20.547501,20.575001,18.138687,7430400
2011-01-24,20.500000,20.725000,20.375000,20.665001,18.218023,8115600
2011-01-25,20.642500,20.737499,20.480000,20.719999,18.266510,7434000
2011-01-26,20.785000,21.042500,20.697500,21.000000,18.513357,10357600
2011-01-27,21.017500,21.084999,20.672501,20.692499,18.242270,9769600
2011-01-28,20.727501,20.745001,20.325001,20.365000,17.953547,8968000
2011-01-31,20.379999,20.639999,20.252501,20.620001,18.178352,7680800
2011-02-01,20.687500,20.924999,20.655001,20.887501,18.414183,9705200
2011-02-02,20.857500,20.985001,20.780001,20.977501,18.493525,7764400
2011-02-03,20.892500,21.075001,20.844999,20.950001,18.469271,10352400
2011-02-04,21.002501,21.472500,20.952499,21.434999,18.896849,9636400
2011-02-07,21.450001,21.700001,21.415001,21.625000,19.064348,8380800
2011-02-08,21.670000,21.702499,21.545000,21.677500,19.110638,6836800
2011-02-09,21.677500,21.924999,21.612499,21.812500,19.229645,8368800
2011-02-10,21.730000,21.860001,21.565001,21.697500,19.128263,6752400
2011-02-11,21.612499,21.677500,21.490000,21.552500,19.000427,7392800
2011-02-14,21.580000,21.635000,21.362499,21.442499,18.903454,7376000
2011-02-15,21.317499,21.397499,21.155001,21.387501,18.854971,8109600
2011-02-16,21.379999,21.487499,21.280001,21.437500,18.899052,8908800
2011-02-17,21.184999,21.520000,21.100000,21.510000,18.962967,11937200
2011-02-18,21.620001,22.207500,21.500000,22.205000,19.575668,14709200
2011-02-22,21.900000,22.080000,21.727501,21.807501,19.225237,10978800
2011-02-23,21.722500,21.957500,21.447500,21.547501,18.996027,11854400
2011-02-24,21.480000,21.730000,21.375000,21.629999,19.068754,8765200
2011-02-25,21.667500,22.075001,21.635000,21.995001,19.390537,8998400
2011-02-28,22.072500,22.290001,21.987499,22.257500,19.621954,10352800
2011-03-01,22.412500,22.452499,21.877501,21.924999,19.328827,13718400
2011-03-02,21.915001,22.307501,21.807501,22.082500,19.467680,9465200
2011-03-03,22.227501,22.497499,22.225000,22.459999,19.870207,10421200
2011-03-04,22.452499,22.500000,22.334999,22.469999,19.879059,10181600
2011-03-07,22.500000,22.780001,22.067499,22.230000,19.666729,16266400
2011-03-08,22.287500,22.417500,22.207500,22.297501,19.726448,9622000
2011-03-09,22.190001,22.415001,22.062500,22.237499,19.673367,9950400
2011-03-10,22.062500,22.267500,21.885000,22.045000,19.503059,9078400
2011-03-11,21.870001,21.897499,21.367500,21.792500,19.279680,14917200
2011-03-14,21.715000,21.719999,21.340000,21.552500,19.067354,10236000
2011-03-15,21.157499,21.455000,21.000000,21.332500,18.872721,9891200
2011-03-16,21.250000,21.467501,21.012501,21.205000,18.759924,10024800
2011-03-17,21.392500,21.434999,21.122499,21.352501,18.890413,13822000
2011-03-18,19.497499,19.662500,19.207500,19.397499,17.160837,78895200
2011-03-21,19.405001,19.487499,19.155001,19.209999,16.994957,23426000
2011-03-22,19.162500,19.250000,17.357500,18.862499,16.687525,36628400
2011-03-23,18.795000,19.424999,18.762501,19.305000,17.079002,48562000
2011-03-24,19.370001,19.459999,19.100000,19.182501,16.970631,17726800
2011-03-25,19.207500,19.400000,19.155001,19.165001,16.955147,18833600
2011-03-28,19.170000,19.247499,18.950001,18.972500,16.784842,14793600
2011-03-29,19.025000,19.162500,18.905001,19.090000,16.888798,15672400
2011-03-30,19.117500,19.250000,19.059999,19.187500,16.975052,9911200
2011-03-31,19.122499,19.152500,18.905001,18.924999,16.742825,13097200
2011-04-01,18.985001,19.225000,18.955000,19.132500,16.926397,12892400
2011-04-04,19.195000,19.389999,19.087500,19.352501,17.121025,9965200
2011-04-05,19.295000,19.500000,19.212500,19.482500,17.236038,12783200
2011-04-06,19.660000,19.750000,19.559999,19.667500,17.399700,15684000
2011-04-07,19.660000,19.660000,19.254999,19.522499,17.271425,14822800
2011-04-08,19.667500,19.750000,19.264999,19.347500,17.116598,10769600
2011-04-11,19.315001,19.535000,19.312500,19.532499,17.280266,8329200
2011-04-12,19.379999,19.592501,19.337500,19.549999,17.295752,8850000
2011-04-13,19.545000,19.882500,19.537500,19.852501,17.563372,12069600
2011-04-14,19.715000,20.067499,19.662500,20.020000,17.711559,14087600
2011-04-15,20.102501,20.102501,19.667500,19.682501,17.412977,13746800
2011-04-18,19.517500,19.662500,19.299999,19.645000,17.379803,11543200
2011-04-19,19.667500,19.887501,19.622499,19.682501,17.412977,10802800
2011-04-20,19.860001,20.062500,19.815001,20.017500,17.709347,14865200
2011-04-21,20.157499,20.157499,19.959999,20.047501,17.735889,8706000
2011-04-25,20.152500,20.227501,19.969999,20.027500,17.718193,6976000
2011-04-26,20.022499,20.150000,19.850000,19.990000,17.685020,7317600
2011-04-27,20.014999,20.307501,19.980000,20.280001,17.941576,9981200
2011-04-28,20.270000,20.682501,20.150000,20.642500,18.262287,10064000
2011-04-29,20.565001,20.632500,20.437500,20.580000,18.206989,8844400
2011-05-02,20.695000,20.870001,20.500000,20.559999,18.189293,12402400
2011-05-03,20.587500,20.650000,20.385000,20.415001,18.061012,8710800
2011-05-04,20.620001,20.750000,20.352501,20.697500,18.310936,11956000
2011-05-05,20.674999,20.834999,20.522499,20.652500,18.271128,9631200
2011-05-06,20.797501,20.857500,20.440001,20.504999,18.140636,9624800
2011-05-09,20.450001,20.742500,20.424999,20.727501,18.337475,6536800
2011-05-10,20.812500,20.924999,20.682501,20.875000,18.467972,10405600
2011-05-11,20.792500,20.915001,20.549999,20.665001,18.282187,8601600
2011-05-12,20.660000,21.174999,20.610001,21.145000,18.706839,10240800
2011-05-13,21.180000,21.632500,21.174999,21.565001,19.078409,14448800
2011-05-16,21.434999,21.565001,21.254999,21.317499,18.859447,10656800
2011-05-17,21.205000,21.254999,20.992500,21.222500,18.775404,9972400
2011-05-18,21.222500,21.400000,21.132500,21.207500,18.762135,9857600
2011-05-19,21.297501,21.540001,21.260000,21.527500,19.045237,8239600
2011-05-20,21.597500,21.620001,21.097500,21.262501,18.810791,10130400
2011-05-23,21.025000,21.182501,20.865000,20.905001,18.494511,9112400
2011-05-24,20.947500,21.182501,20.907499,21.082500,18.651548,5756000
2011-05-25,20.945000,20.950001,20.777500,20.797501,18.399406,9230400
2011-05-26,20.792500,21.059999,20.747499,21.017500,18.594036,6762000
2011-05-27,21.059999,21.200001,21.047501,21.155001,18.715687,6079600
2011-05-31,21.209999,21.237499,20.955000,21.112499,18.678082,8879200
2011-06-01,21.084999,21.180000,20.520000,20.537500,18.169384,10124800
2011-06-02,20.467501,20.647499,20.264999,20.287500,18.016197,11829200
2011-06-03,20.127501,20.337500,20.055000,20.090000,17.840813,11259200
2011-06-06,20.092501,20.237499,19.934999,19.942499,17.709820,9092800
2011-06-07,20.047501,20.580000,20.037500,20.475000,18.182703,13809200
2011-06-08,20.382500,20.497499,19.967501,20.025000,17.783081,12223200
2011-06-09,20.072500,20.332500,20.059999,20.167500,17.909634,9538800
2011-06-10,20.147499,20.389999,19.887501,19.915001,17.685402,9920000
2011-06-13,19.937500,20.472500,19.920000,20.127501,17.874115,10787600
2011-06-14,20.292500,20.607500,20.270000,20.559999,18.258190,11731600
2011-06-15,20.389999,20.477501,19.975000,20.097500,17.847471,11418800
2011-06-16,20.117500,20.187500,19.860001,20.072500,17.825277,9092000
2011-06-17,20.202499,20.397499,20.200001,20.277500,18.007318,10494400
2011-06-20,20.215000,20.847500,20.215000,20.807501,18.477980,9140800
2011-06-21,20.787500,21.207500,20.762501,21.127501,18.762157,9263200
2011-06-22,20.972500,21.102501,20.462500,20.487499,18.193810,18370400
2011-06-23,20.340000,20.590000,20.157499,20.547501,18.247095,17086000
2011-06-24,20.527500,20.622499,20.182501,20.295000,18.022861,15564400
2011-06-27,20.230000,20.692499,20.230000,20.405001,18.120541,22992800
2011-06-28,21.317499,22.645000,21.290001,22.475000,19.958801,60456800
2011-06-29,22.415001,22.587500,22.045000,22.445000,19.932152,25427600
2011-06-30,22.305000,22.607500,22.305000,22.495001,19.976559,17715200
2011-07-01,22.412500,22.997499,22.357500,22.955000,20.385057,16781200
2011-07-05,22.820000,23.027500,22.732500,22.934999,20.367296,14938800
2011-07-06,22.847500,23.122499,22.842501,23.087500,20.502724,14488000
2011-07-07,23.190001,23.557501,23.177500,23.415001,20.793558,17198000
2011-07-08,23.247499,23.334999,23.067499,23.309999,20.700312,12672400
2011-07-11,22.967501,23.262501,22.782499,22.857500,20.298473,12599600
2011-07-12,22.820000,22.995001,22.662500,22.807501,20.254074,7284000
2011-07-13,22.745001,23.217501,22.745001,23.012501,20.436123,9458400
2011-07-14,23.042500,23.237499,22.812500,22.990000,20.416143,10843200
2011-07-15,23.092501,23.092501,22.707500,22.924999,20.358418,14330400
2011-07-18,22.725000,22.897499,22.620001,22.660000,20.123087,11662400
2011-07-19,22.862499,22.882500,22.627501,22.684999,20.145292,18579600
2011-07-20,22.722500,22.745001,22.542500,22.650000,20.114199,9916000
2011-07-21,22.690001,23.147499,22.572500,22.959999,20.389496,11621200
2011-07-22,23.012501,23.072500,22.857500,22.927500,20.360640,7219200
2011-07-25,22.584999,22.852501,22.580000,22.732500,20.187468,6965200
2011-07-26,22.750000,22.830000,22.547501,22.582500,20.054262,7566800
2011-07-27,22.485001,22.642500,22.137501,22.180000,19.696829,12686400
2011-07-28,22.217501,22.840000,22.217501,22.620001,20.087563,14810400
2011-07-29,22.452499,22.700001,22.312500,22.537500,20.014299,9905200
2011-08-01,22.605000,22.615000,22.002501,22.334999,19.834469,10046800
2011-08-02,22.065001,22.299999,21.245001,21.277500,18.895363,17061600
2011-08-03,21.325001,21.780001,20.727501,21.770000,19.332724,15954400
2011-08-04,21.527500,21.687500,20.372499,20.387501,18.105003,18850800
2011-08-05,20.627501,21.127501,20.084999,20.967501,18.620073,21511200
2011-08-08,20.344999,20.834999,19.500000,19.797501,17.581060,23861600
2011-08-09,20.090000,20.662500,19.245001,20.625000,18.315907,21544000
2011-08-10,20.417500,20.725000,19.760000,19.832500,17.612139,19309600
2011-08-11,19.915001,21.097500,19.830000,20.812500,18.482418,14950400
2011-08-12,20.965000,21.262501,20.847500,21.059999,18.702221,10663200
2011-08-15,21.152500,21.290001,20.695000,21.282499,18.899805,10026800
2011-08-16,21.022499,21.382500,20.782499,20.805000,18.475760,14041200
2011-08-17,20.912500,21.147499,20.459999,20.637501,18.327021,12017200
2011-08-18,20.190001,20.347500,19.742500,19.980000,17.743130,16644000
2011-08-19,19.735001,20.372499,19.625000,19.645000,17.445633,12648800
2011-08-22,20.007500,20.145000,19.757500,19.812500,17.594385,11138800
2011-08-23,19.892500,20.907499,19.775000,20.897499,18.557909,12045600
2011-08-24,20.802500,21.497499,20.715000,21.450001,19.048550,15281600
2011-08-25,21.462500,21.622499,20.872499,20.940001,18.595648,12359600
2011-08-26,20.825001,21.615000,20.575001,21.572500,19.157341,12230800
2011-08-29,21.777500,22.150000,21.700001,22.135000,19.656860,11164000
2011-08-30,22.075001,22.132500,21.590000,21.592501,19.175098,18831200
2011-08-31,21.760000,22.132500,21.537500,21.662500,19.237261,13958000
2011-09-01,21.587500,22.025000,21.504999,21.637501,19.284050,15754400
2011-09-02,21.217501,21.457500,20.950001,21.010000,18.724808,10301200
2011-09-06,20.287500,20.977501,20.049999,20.940001,18.662420,11293200
2011-09-07,21.260000,21.627501,21.040001,21.627501,19.275137,11406000
2011-09-08,21.437500,21.872499,21.200001,21.332500,19.012226,11198800
2011-09-09,21.107500,21.347500,20.620001,20.625000,18.381680,14903200
2011-09-12,20.440001,21.105000,20.362499,21.090000,18.796099,9916800
2011-09-13,21.102501,21.594999,21.014999,21.455000,19.121401,11845600
2011-09-14,21.567499,22.197500,21.352501,21.872499,19.493490,15416000
2011-09-15,22.065001,22.100000,21.690001,22.010000,19.616032,11005600
2011-09-16,22.155001,22.495001,22.082500,22.442499,20.001488,16175600
2011-09-19,22.059999,22.625000,22.007500,22.549999,20.097303,14538000
2011-09-20,22.667500,22.795000,22.309999,22.365000,19.932421,15854400
2011-09-21,22.309999,22.405001,21.387501,21.434999,19.103571,20442800
2011-09-22,20.797501,21.177500,20.555000,21.045000,18.755993,23763200
2011-09-23,21.945000,22.497499,21.672501,22.160000,19.749718,36419200
2011-09-26,22.389999,22.495001,21.805000,22.327499,19.898996,16838400
2011-09-27,22.600000,23.139999,22.495001,22.645000,20.181969,17462800
2011-09-28,22.667500,22.995001,22.062500,22.117500,19.711840,14258000
2011-09-29,22.447500,22.500000,21.360001,21.997499,19.604891,14378000
2011-09-30,21.745001,22.059999,21.370001,21.377501,19.052338,13958800
2011-10-03,21.237499,21.547501,20.750000,20.762501,18.504225,14336000
2011-10-04,20.385000,21.475000,20.252501,21.432501,19.101349,13781600
2011-10-05,21.482500,22.059999,21.332500,21.950001,19.562563,14786400
2011-10-06,21.882500,22.447500,21.805000,22.320000,19.892317,10604000
2011-10-07,22.322500,22.467501,21.897499,22.037500,19.640541,10361600
2011-10-10,22.445000,22.717501,22.334999,22.680000,20.213156,8209200
2011-10-11,22.447500,22.674999,22.357500,22.462500,20.019312,8690400
2011-10-12,22.582500,23.125000,22.487499,22.947500,20.451561,14055200
2011-10-13,22.855000,23.125000,22.732500,23.052500,20.545143,8464800
2011-10-14,23.145000,23.295000,22.977501,23.242500,20.714479,8570800
2011-10-17,23.067499,23.225000,22.677500,22.754999,20.279999,8205600
2011-10-18,22.652500,23.082500,21.995001,22.870001,20.382500,11126000
2011-10-19,22.917500,23.125000,22.767500,22.822500,20.340158,8566800
2011-10-20,22.910000,23.115000,22.672501,22.972500,20.473843,8444800
2011-10-21,23.200001,23.587500,23.132500,23.587500,21.021954,12383600
2011-10-24,23.584999,23.982500,23.530001,23.767500,21.182373,13173600
2011-10-25,23.527500,23.834999,23.367500,23.437500,20.888268,9488800
2011-10-26,23.660000,23.747499,23.182501,23.552500,20.990763,9555200
2011-10-27,24.042500,24.122499,23.857500,23.957500,21.351709,15440800
2011-10-28,23.915001,24.232500,23.730000,24.187500,21.556694,12221600
2011-10-31,23.940001,24.420000,23.885000,24.087500,21.467566,12228000
2011-11-01,23.377501,23.857500,23.365000,23.469999,20.917236,10651200
2011-11-02,23.912500,23.950001,23.522499,23.735001,21.153410,11624400
2011-11-03,24.037500,24.059999,23.392500,23.920000,21.318295,10792800
2011-11-04,23.799999,23.997499,23.402500,23.594999,21.028633,8239200
2011-11-07,23.629999,23.825001,23.360001,23.450001,20.899412,8730800
2011-11-08,23.597500,23.910000,23.424999,23.855000,21.260349,9659200
2011-11-09,23.367500,23.512501,22.902500,23.090000,20.578573,11706800
2011-11-10,23.355000,23.635000,23.142500,23.480000,20.926144,9393600
2011-11-11,23.687500,24.102501,23.612499,24.037500,21.423006,8108000
2011-11-14,23.959999,24.222500,23.799999,23.937500,21.333885,6849200
2011-11-15,23.815001,24.150000,23.667500,23.987499,21.378450,7013600
2011-11-16,23.785000,23.875000,23.385000,23.424999,20.877125,8850000
2011-11-17,23.282499,23.420000,22.725000,22.972500,20.473843,9039200
2011-11-18,23.155001,23.370001,22.862499,23.187500,20.665459,9440800
2011-11-21,22.905001,23.040001,22.447500,22.764999,20.288910,7354000
2011-11-22,22.797501,23.155001,22.747499,22.907499,20.415916,7660000
2011-11-23,22.682501,22.992500,22.625000,22.732500,20.259954,7470400
2011-11-25,22.665001,22.965000,22.570000,22.570000,20.115128,3475600
2011-11-28,23.010000,23.957500,22.975000,23.727501,21.146729,15442400
2011-11-29,23.815001,23.857500,23.577499,23.717501,21.137814,11024400
2011-11-30,24.270000,24.375000,23.730000,24.045000,21.429693,13492800
2011-12-01,23.840000,24.084999,23.627501,23.812500,21.302214,9566800
2011-12-02,23.945000,24.177500,23.877501,24.062500,21.525862,9465600
2011-12-05,24.182501,24.372499,23.985001,24.150000,21.604134,8855600
2011-12-06,24.299999,24.309999,23.990000,24.062500,21.525862,6987600
2011-12-07,24.195000,24.247499,23.815001,23.972500,21.445347,11209200
2011-12-08,23.900000,24.120001,23.750000,23.795000,21.286562,9393200
2011-12-09,23.870001,24.562500,23.825001,24.420000,21.845669,12422800
2011-12-12,24.334999,24.437500,23.945000,24.237499,21.682409,10852400
2011-12-13,24.282499,24.447500,23.602501,23.762501,21.257486,10714000
2011-12-14,23.742500,23.930000,23.437500,23.597500,21.109882,9455200
2011-12-15,23.860001,23.934999,23.352501,23.520000,21.040554,10732000
2011-12-16,23.695000,23.770000,23.387501,23.417500,20.948862,12788400
2011-12-19,23.480000,23.535000,23.264999,23.344999,20.884001,8765200
2011-12-20,23.620001,23.975000,23.222500,23.407499,20.939905,18300800
2011-12-21,23.957500,24.322500,23.572500,24.087500,21.548223,25045200
2011-12-22,24.147499,24.147499,23.562500,23.705000,21.206051,11711600
2011-12-23,23.817499,24.232500,23.692499,24.225000,21.671234,7165200
2011-12-27,24.245001,24.500000,24.127501,24.442499,21.865797,6448000
2011-12-28,24.482500,24.500000,24.070000,24.107500,21.566114,6830000
2011-12-29,24.137501,24.480000,24.122499,24.365000,21.796478,8571600
2011-12-30,24.347500,24.385000,24.092501,24.092501,21.552702,6609200
2012-01-03,24.342501,24.497499,24.174999,24.202499,21.651094,10944400
2012-01-04,24.177500,24.687500,24.127501,24.555000,21.966444,9440800
2012-01-05,24.447500,24.645000,24.250000,24.540001,21.953026,8393200
2012-01-06,24.482500,24.625000,24.379999,24.497499,21.915005,7760800
2012-01-09,24.525000,24.732500,24.424999,24.587500,21.995516,10045600
2012-01-10,24.707500,24.732500,24.420000,24.617500,22.022352,9812400
2012-01-11,24.567499,24.650000,24.447500,24.535000,21.948555,7002800
2012-01-12,24.572500,24.785000,24.434999,24.775000,22.163244,7516400
2012-01-13,24.597500,24.732500,24.510000,24.575001,21.984341,6534000
2012-01-17,24.674999,24.860001,24.512501,24.809999,22.194557,8242000
2012-01-18,24.702499,25.280001,24.674999,25.215000,22.556864,12278800
2012-01-19,25.184999,25.492500,25.129999,25.395000,22.717890,9158000
2012-01-20,25.387501,25.500000,25.254999,25.440001,22.758146,8949600
2012-01-23,25.480000,25.742500,25.292500,25.389999,22.713417,8329600
2012-01-24,25.334999,25.594999,25.254999,25.552500,22.858788,6564400
2012-01-25,25.480000,25.822500,25.472500,25.802500,23.082434,11383600
2012-01-26,25.750000,25.805000,25.447500,25.575001,22.878920,7528000
2012-01-27,25.542500,25.657499,25.375000,25.527500,22.836422,6934000
2012-01-30,25.362499,26.037500,25.217501,25.847500,23.122686,11892000
2012-01-31,26.142500,26.235001,25.865000,25.997499,23.256872,24751600
2012-02-01,26.102501,26.207500,25.934999,25.937500,23.203203,10000400
2012-02-02,26.000000,26.047501,25.642500,25.705000,22.995209,9372800
2012-02-03,25.875000,26.000000,25.775000,25.875000,23.147285,13192000
2012-02-06,25.760000,25.965000,25.670000,25.865000,23.138350,6230400
2012-02-07,25.805000,26.174999,25.740000,26.057501,23.310551,5231200
2012-02-08,26.129999,26.665001,26.129999,26.482500,23.690746,11142800
2012-02-09,26.437500,26.545000,26.305000,26.440001,23.652733,5847600
2012-02-10,26.267500,26.397499,26.190001,26.352501,23.574451,6210000
2012-02-13,26.450001,26.482500,26.155001,26.305000,23.531965,5875200
2012-02-14,26.197500,26.660000,26.072500,26.657499,23.847301,9526000
2012-02-15,26.737499,26.907499,26.577499,26.650000,23.840590,9935200
2012-02-16,26.617500,26.857500,26.387501,26.540001,23.742188,6658000
2012-02-17,26.684999,26.870001,26.570000,26.670000,23.858480,6957200
2012-02-21,26.647499,26.795000,26.177500,26.237499,23.471577,7308800
2012-02-22,26.264999,26.559999,26.245001,26.432501,23.646015,6237200
2012-02-23,26.480000,26.674999,26.385000,26.535000,23.737705,5860400
2012-02-24,26.527500,26.650000,26.407499,26.572500,23.771255,4675200
2012-02-27,26.469999,26.927500,26.385000,26.792500,23.968067,6077200
2012-02-28,26.852501,26.907499,26.629999,26.857500,24.026213,5047600
2012-02-29,26.877501,27.070000,26.732500,26.980000,24.135805,7088400
2012-03-01,27.222500,27.245001,27.004999,27.135000,24.355703,7070400
2012-03-02,27.167500,27.264999,26.987499,27.184999,24.400589,7011200
2012-03-05,27.174999,27.417500,27.075001,27.309999,24.512781,7173200
2012-03-06,27.139999,27.305000,26.742500,26.834999,24.086437,7887200
2012-03-07,26.865000,27.037500,26.825001,26.895000,24.140291,7177600
2012-03-08,27.032499,27.125000,26.915001,26.975000,24.212099,4564800
2012-03-09,27.160000,27.537500,27.049999,27.495001,24.678835,9813600
2012-03-12,27.200001,27.480000,27.150000,27.362499,24.559902,9208000
2012-03-13,27.500000,27.709999,27.385000,27.690001,24.853861,9531200
2012-03-14,27.725000,27.807501,27.540001,27.575001,24.750645,7452400
2012-03-15,27.707500,27.767500,27.577499,27.682501,24.847134,7297200
2012-03-16,27.684999,27.945000,27.639999,27.805000,24.957085,14449600
2012-03-19,27.975000,28.129999,27.740000,28.032499,25.161278,10399600
2012-03-20,27.932501,28.242500,27.932501,27.934999,25.073769,10681200
2012-03-21,28.017500,28.174999,27.594999,27.610001,24.782055,15109600
2012-03-22,27.527500,27.907499,27.270000,27.747499,24.905468,20453600
2012-03-23,27.802500,27.875000,26.517500,26.855000,24.104382,26509200
2012-03-26,26.969999,27.200001,26.930000,27.137501,24.357954,12512800
2012-03-27,27.177500,27.292500,26.930000,26.969999,24.207607,10130800
2012-03-28,26.902500,26.982500,26.570000,26.807501,24.061752,9239200
2012-03-29,26.575001,26.997499,26.575001,26.962500,24.200867,7893200
2012-03-30,27.094999,27.295000,26.962500,27.110001,24.333265,9274800
2012-04-02,27.105000,27.457500,26.997499,27.254999,24.463421,9788000
2012-04-03,27.202499,27.412500,27.075001,27.342501,24.541958,4644000
2012-04-04,27.287500,27.472500,27.170000,27.372499,24.568880,8866800
2012-04-05,27.257500,27.632500,27.250000,27.597500,24.770836,8787600
2012-04-09,27.222500,27.750000,27.127501,27.672501,24.838158,11309600
2012-04-10,27.620001,27.625000,26.482500,26.615000,23.888971,16864400
2012-04-11,26.924999,27.192499,26.867500,27.062500,24.290634,12034800
2012-04-12,27.035000,27.174999,26.792500,27.162500,24.380392,11554800
2012-04-13,27.212500,27.400000,27.070000,27.292500,24.497076,2622000
2012-04-16,27.267500,27.469999,27.170000,27.350000,24.548685,7135200
2012-04-17,27.465000,27.500000,27.299999,27.457500,24.645172,5772000
2012-04-18,27.334999,27.737499,27.262501,27.639999,24.808985,8174800
2012-04-19,27.657499,27.737499,27.257500,27.402500,24.595816,8027600
2012-04-20,27.432501,27.860001,27.432501,27.692499,24.856098,9299600
2012-04-23,27.457500,27.495001,27.167500,27.437500,24.627224,6355200
2012-04-24,27.247499,27.440001,26.584999,26.687500,23.954044,13254400
2012-04-25,26.792500,27.264999,26.732500,27.257500,24.465666,8388400
2012-04-26,27.257500,27.687500,27.182501,27.587500,24.761858,6228400
2012-04-27,27.522499,27.889999,27.452499,27.660000,24.826929,9349200
2012-04-30,27.750000,28.000000,27.750000,27.967501,25.102938,9552400
2012-05-01,27.977501,28.000000,27.625000,27.825001,24.975031,10164000
2012-05-02,27.760000,28.639999,27.760000,28.570000,25.643724,10581200
2012-05-03,28.552500,28.702499,28.379999,28.600000,25.670656,10340800
2012-05-04,28.475000,28.512501,27.885000,27.952499,25.089478,7205600
2012-05-07,27.850000,28.075001,27.799999,27.855000,25.001959,6864000
2012-05-08,27.450001,27.537500,26.639999,27.182501,24.398342,14058800
2012-05-09,26.857500,27.219999,26.770000,27.037500,24.268196,9026000
2012-05-10,27.257500,27.377501,26.809999,26.889999,24.135801,9458800
2012-05-11,26.799999,27.325001,26.665001,27.065001,24.292881,6328400
2012-05-14,26.912500,27.115000,26.735001,26.867500,24.115608,5636400
2012-05-15,26.827499,27.252501,26.752501,26.805000,24.059507,7127600
2012-05-16,26.934999,27.230000,26.555000,26.750000,24.010143,9965200
2012-05-17,26.695000,26.750000,26.067499,26.084999,23.413256,9444400
2012-05-18,26.350000,26.945000,26.270000,26.360001,23.660088,15844800
2012-05-21,26.327499,26.840000,26.327499,26.807501,24.061752,9034400
2012-05-22,26.809999,27.287500,26.799999,27.112499,24.335514,10214000
2012-05-23,26.942499,27.250000,26.545000,26.879999,24.126827,8513200
2012-05-24,26.917500,27.160000,26.695000,26.870001,24.117859,8629600
2012-05-25,26.980000,27.297501,26.905001,27.197500,24.411806,6687600
2012-05-29,27.377501,27.730000,27.285000,27.730000,24.889767,8734800
2012-05-30,27.395000,27.582500,27.057501,27.152500,24.371412,10357200
2012-05-31,27.125000,27.212500,26.665001,27.045000,24.355652,10796800
2012-06-01,26.572500,26.637501,26.045000,26.150000,23.549658,9376400
2012-06-04,26.137501,26.280001,25.785000,26.174999,23.572168,10202000
2012-06-05,26.075001,26.440001,26.000000,26.377501,23.754530,9183200
2012-06-06,26.522499,26.775000,26.432501,26.767500,24.105755,7794000
2012-06-07,26.985001,27.097500,26.562500,26.840000,24.171043,7079600
2012-06-08,26.844999,27.192499,26.577499,27.160000,24.459223,7254400
2012-06-11,27.280001,27.477501,26.850000,26.865000,24.193556,6257600
2012-06-12,26.897499,27.165001,26.684999,26.900000,24.225080,10159600
2012-06-13,26.802500,26.882500,25.320000,25.555000,23.013823,22770400
2012-06-14,25.865000,25.865000,24.840000,25.004999,22.518507,24052400
2012-06-15,25.062500,25.500000,24.889999,25.437500,22.908009,16830800
2012-06-18,25.382500,25.432501,25.032499,25.350000,22.829206,12656800
2012-06-19,25.360001,25.662500,25.332500,25.385000,22.860720,8638400
2012-06-20,25.639999,25.680000,25.157499,25.299999,22.784180,12839600
2012-06-21,25.315001,25.615000,24.632500,24.665001,22.212326,16054400
2012-06-22,24.727501,24.879999,24.570000,24.850000,22.378925,15357200
2012-06-25,24.594999,24.684999,24.174999,24.365000,21.942158,11873200
2012-06-26,24.440001,24.715000,24.325001,24.612499,22.165049,9580000
2012-06-27,24.732500,24.902500,24.375000,24.527500,22.088495,11222400
2012-06-28,24.385000,24.620001,23.959999,24.222500,21.813829,23916800
2012-06-29,21.959999,22.625000,21.275000,21.945000,19.762804,86339600
2012-07-02,22.097500,22.372499,22.007500,22.212500,20.003700,23501600
2012-07-03,22.342501,22.650000,22.062500,22.620001,20.370678,14998400
2012-07-05,22.674999,23.174999,22.637501,23.049999,20.757919,22257200
2012-07-06,22.902500,23.057501,22.692499,22.844999,20.573299,16196400
2012-07-09,22.802500,22.924999,22.500000,22.570000,20.325653,13910000
2012-07-10,22.650000,23.000000,22.650000,22.822500,20.553036,14529200
2012-07-11,22.917500,23.100000,22.625000,23.065001,20.771421,17389600
2012-07-12,22.980000,23.059999,22.552500,22.955000,20.672367,14964800
2012-07-13,23.065001,23.572500,23.010000,23.492500,21.156418,11396400
2012-07-16,23.452499,23.472500,23.222500,23.254999,20.942532,11684800
2012-07-17,23.120001,23.357500,22.977501,23.190001,20.883995,10660000
2012-07-18,23.122499,23.735001,22.995001,23.657499,21.305010,10964000
2012-07-19,23.799999,23.995001,23.527500,23.815001,21.446844,10861200
2012-07-20,23.677500,23.750000,23.262501,23.270000,20.956039,11975200
2012-07-23,23.012501,23.315001,22.834999,23.212500,20.904257,8619200
2012-07-24,23.315001,23.482500,23.102501,23.240000,20.929018,8305200
2012-07-25,23.385000,23.562500,23.275000,23.377501,21.052847,8244800
2012-07-26,23.622499,24.222500,23.572500,24.145000,21.744028,14765600
2012-07-27,24.205000,24.362499,23.910000,24.257500,21.845346,10419600
2012-07-30,24.232500,24.437500,23.872499,23.962500,21.579676,9112800
2012-07-31,23.760000,23.895000,23.312500,23.337500,21.016834,13070000
2012-08-01,23.377501,23.582500,23.190001,23.250000,20.938028,9594400
2012-08-02,22.995001,23.247499,22.760000,23.135000,20.834461,10461600
2012-08-03,23.402500,23.660000,23.344999,23.642500,21.291494,8997200
2012-08-06,23.682501,23.934999,23.662500,23.879999,21.505377,6321600
2012-08-07,23.912500,24.297501,23.912500,24.042500,21.651724,8313200
2012-08-08,23.945000,24.052500,23.799999,23.975000,21.590935,8274000
2012-08-09,23.907499,23.992500,23.730000,23.764999,21.401825,9914400
2012-08-10,23.662500,23.745001,23.582500,23.625000,21.275742,9284000
2012-08-13,23.577499,23.977501,23.465000,23.962500,21.579676,6880000
2012-08-14,24.030001,24.035000,23.674999,23.727501,21.368050,10998800
2012-08-15,23.725000,23.920000,23.542500,23.555000,21.212696,10466400
2012-08-16,23.552500,23.847500,23.357500,23.695000,21.338779,13942800
2012-08-17,23.757500,24.115000,23.707500,24.065001,21.671989,12295200
2012-08-20,24.055000,24.192499,23.897499,23.942499,21.561665,7441600
2012-08-21,23.982500,24.067499,23.790001,23.962500,21.579676,8553200
2012-08-22,23.945000,23.997499,23.797501,23.942499,21.561665,6465200
2012-08-23,23.920000,23.995001,23.735001,23.862499,21.489620,6762000
2012-08-24,23.860001,24.282499,23.860001,24.215000,21.807070,9764000
2012-08-27,24.230000,24.312500,24.025000,24.107500,21.710258,6921600
2012-08-28,24.052500,24.822500,23.962500,24.717501,22.259604,16471600
2012-08-29,24.740000,24.750000,24.552500,24.672501,22.219078,9468000
2012-08-30,24.472500,24.620001,24.382500,24.437500,22.088015,7020400
2012-08-31,24.517500,24.629999,24.237499,24.340000,21.999895,8129200
2012-09-04,24.297501,24.472500,24.059999,24.315001,21.977295,7589200
2012-09-05,24.379999,24.445000,24.242500,24.337500,21.997627,6288000
2012-09-06,24.437500,24.887501,24.367500,24.865000,22.474417,9083600
2012-09-07,24.830000,24.937500,24.719999,24.822500,22.436001,6991600
2012-09-10,24.812500,25.225000,24.757500,25.010000,22.605476,8677600
2012-09-11,24.857500,25.047501,24.777500,24.920000,22.524130,9840000
2012-09-12,24.959999,25.230000,24.850000,25.209999,22.786245,9198000
2012-09-13,24.837500,24.950001,24.567499,24.799999,22.415668,17326000
2012-09-14,24.730000,24.775000,23.972500,24.160000,21.837193,22890400
2012-09-17,24.080000,24.514999,24.020000,24.492500,22.137732,9379200
2012-09-18,24.424999,24.562500,24.267500,24.430000,22.081242,13601200
2012-09-19,25.057501,25.125000,24.400000,24.415001,22.067684,18669600
2012-09-20,24.600000,24.600000,24.094999,24.180000,21.855274,12850400
2012-09-21,24.385000,24.385000,24.049999,24.129999,21.810076,13657600
2012-09-24,23.900000,24.087500,23.500000,23.830000,21.538923,11824800
2012-09-25,23.797501,24.087500,23.750000,23.770000,21.484695,15992400
2012-09-26,23.740000,24.052500,23.582500,23.872499,21.577335,11866000
2012-09-27,23.950001,24.160000,23.662500,24.000000,21.692577,19398000
2012-09-28,23.264999,24.045000,23.197500,23.727501,21.446280,27354400
2012-10-01,23.727501,24.049999,23.655001,23.887501,21.590895,11072800
2012-10-02,24.014999,24.049999,23.645000,23.737499,21.455317,11305600
2012-10-03,23.727501,23.885000,23.405001,23.450001,21.195463,14771200
2012-10-04,23.582500,23.990000,23.500000,23.972500,21.667723,13058400
2012-10-05,24.035000,24.132500,23.715000,23.805000,21.516329,9247200
2012-10-08,23.752501,23.947500,23.687500,23.747499,21.464355,5638000
2012-10-09,23.727501,23.922501,23.600000,23.620001,21.349117,9778800
2012-10-10,23.715000,23.865000,23.537500,23.555000,21.290359,7208800
2012-10-11,23.655001,23.867500,23.632500,23.725000,21.444017,7937600
2012-10-12,23.760000,23.865000,23.582500,23.605000,21.335554,6537200
2012-10-15,23.667500,23.955000,23.594999,23.902500,21.604460,7527600
2012-10-16,24.070000,24.402500,24.035000,24.309999,21.972773,10012000
2012-10-17,24.227501,24.500000,24.227501,24.392500,22.047344,7126000
2012-10-18,24.424999,24.517500,24.254999,24.392500,22.047344,7797600
2012-10-19,24.385000,24.525000,24.025000,24.112499,21.794264,9341200
2012-10-22,23.855000,24.087500,23.455000,23.620001,21.349117,8992800
2012-10-23,23.459999,23.562500,23.187500,23.205000,20.974010,9384400
2012-10-24,23.434999,23.452499,23.115000,23.222500,20.989832,9947600
2012-10-25,23.262501,23.375000,22.782499,22.827499,20.632807,10019600
2012-10-26,22.770000,22.837500,22.580000,22.787500,20.596651,12444000
2012-10-31,22.762501,22.947500,22.695000,22.844999,20.648621,9128800
2012-11-01,22.975000,23.900000,22.975000,23.837500,21.545696,14254800
2012-11-02,23.924999,24.184999,23.622499,23.635000,21.362673,7264400
2012-11-05,23.637501,23.870001,23.587500,23.815001,21.525364,5872800
2012-11-06,23.812500,24.032499,23.687500,24.032499,21.721956,7824800
2012-11-07,23.930000,23.969999,23.655001,23.662500,21.387531,7655200
2012-11-08,23.612499,23.650000,22.965000,22.965000,20.757086,10450400
2012-11-09,22.922501,23.250000,22.920000,23.077499,20.858765,7748800
2012-11-12,23.125000,23.299999,22.995001,23.072500,20.854256,5979200
2012-11-13,22.792500,23.165001,22.757500,22.867500,20.668964,7246000
2012-11-14,22.990000,22.990000,22.412500,22.650000,20.472366,13019200
2012-11-15,22.572500,22.805000,22.517500,22.707500,20.524347,7764400
2012-11-16,22.959999,23.187500,22.850000,23.147499,20.922041,11989200
2012-11-19,23.372499,24.084999,23.365000,24.080000,21.764887,10462400
2012-11-20,24.080000,24.129999,23.817499,23.902500,21.604460,9103200
2012-11-21,23.889999,23.957500,23.740000,23.900000,21.602196,7363600
2012-11-23,24.000000,24.190001,23.969999,24.187500,21.862053,3352400
2012-11-26,23.870001,24.420000,23.844999,24.415001,22.067684,12052800
2012-11-27,24.012501,24.500000,24.012501,24.252501,21.920807,8537200
2012-11-28,24.150000,24.790001,24.150000,24.782499,22.399851,8613600
2012-11-29,24.895000,25.082500,24.700001,24.742500,22.363695,9744000
2012-11-30,24.615000,24.629999,24.227501,24.370001,22.027010,12670000
2012-12-03,24.415001,24.727501,24.272499,24.389999,22.045086,8688000
2012-12-04,24.407499,24.594999,24.307501,24.417500,22.069944,7028400
2012-12-05,24.480000,24.520000,24.152500,24.420000,22.072199,6764400
2012-12-06,24.367500,24.670000,24.307501,24.605000,22.335447,9092000
2012-12-07,24.727501,24.747499,24.432501,24.647499,22.374031,7418000
2012-12-10,24.667500,24.827499,24.495001,24.520000,22.258289,7276800
2012-12-11,24.500000,24.875000,24.459999,24.852501,22.560127,9234400
2012-12-12,24.850000,25.000000,24.650000,24.799999,22.512466,10656000
2012-12-13,24.772499,24.892500,24.260000,24.332500,22.088087,7445200
2012-12-14,24.282499,24.472500,24.212500,24.227501,21.992769,8662000
2012-12-17,24.302500,24.522499,24.200001,24.497499,22.237862,8369600
2012-12-18,24.517500,24.745001,24.432501,24.730000,22.448919,7871600
2012-12-19,24.730000,24.799999,24.442499,24.445000,22.190205,7879200
2012-12-20,24.530001,24.762501,24.302500,24.750000,22.467075,12000000
2012-12-21,25.625000,26.370001,25.290001,26.275000,23.851412,27894800
2012-12-24,26.139999,26.557501,26.090000,26.400000,23.964882,11999200
2012-12-26,26.025000,26.250000,25.594999,25.665001,23.297676,8090400
2012-12-27,25.610001,25.969999,25.465000,25.879999,23.492840,7850400
2012-12-28,25.725000,25.860001,25.495001,25.495001,23.143356,6432400
2012-12-31,25.415001,25.820000,25.295000,25.799999,23.420223,6807400
2013-01-02,26.200001,26.240000,25.700001,25.920000,23.529148,7512800
2013-01-03,25.975000,26.299999,25.889999,26.184999,23.769722,7232200
2013-01-04,26.250000,26.520000,26.235001,26.440001,24.001194,6794000
2013-01-07,26.395000,26.540001,26.264999,26.480000,24.037504,6489400
2013-01-08,26.360001,26.469999,26.094999,26.200001,23.783329,6714200
2013-01-09,26.285000,26.370001,26.155001,26.225000,23.806023,5530400
2013-01-10,26.315001,26.440001,26.084999,26.275000,23.851412,7705600
2013-01-11,26.330000,26.709999,26.155001,26.549999,24.101044,9791000
2013-01-14,26.594999,26.740000,26.504999,26.594999,24.141890,5591800
2013-01-15,26.520000,26.875000,26.445000,26.820000,24.346138,6507200
2013-01-16,26.760000,27.000000,26.620001,26.865000,24.386992,5300200
2013-01-17,26.895000,26.985001,26.655001,26.740000,24.273523,4864800
2013-01-18,26.735001,26.785000,26.490000,26.645000,24.187286,6145400
2013-01-22,26.709999,26.754999,26.525000,26.740000,24.273523,6207600
2013-01-23,26.570000,26.680000,26.405001,26.545000,24.096506,6779200
2013-01-24,26.594999,26.940001,26.580000,26.930000,24.445995,6819800
2013-01-25,27.065001,27.785000,26.995001,27.775000,25.213053,12542800
2013-01-28,27.700001,27.760000,27.160000,27.250000,24.736475,8038200
2013-01-29,27.195000,27.230000,26.940001,26.959999,24.473228,7214800
2013-01-30,26.985001,27.080000,26.780001,26.805000,24.332523,6343000
2013-01-31,26.809999,27.139999,26.719999,27.025000,24.532228,9143800
2013-02-01,27.230000,27.360001,26.799999,26.850000,24.373373,6773400
2013-02-04,26.795000,27.129999,26.750000,26.830000,24.355217,5075800
2013-02-05,26.969999,27.155001,26.930000,26.945000,24.459606,4527200
2013-02-06,26.840000,27.184999,26.750000,27.080000,24.582159,5297000
2013-02-07,27.115000,27.360001,27.035000,27.340000,24.818174,5573000
2013-02-08,27.285000,27.594999,27.240000,27.295000,24.777332,5100800
2013-02-11,27.639999,27.950001,27.365000,27.610001,25.063272,8916600
2013-02-12,27.450001,27.605000,27.395000,27.545000,25.004271,3866600
2013-02-13,27.514999,27.684999,27.205000,27.280001,24.763712,6053800
2013-02-14,27.285000,27.495001,27.160000,27.309999,24.790941,6164200
2013-02-15,27.344999,27.570000,27.260000,27.475000,24.940722,7056200
2013-02-19,27.445000,27.580000,27.145000,27.235001,24.722868,8511200
2013-02-20,27.200001,27.330000,26.995001,27.010000,24.518616,7587200
2013-02-21,27.415001,27.520000,27.059999,27.270000,24.754639,9355800
2013-02-22,27.299999,27.440001,27.000000,27.235001,24.722868,5855000
2013-02-25,27.270000,27.495001,27.020000,27.020000,24.527693,8566000
2013-02-26,27.205000,27.370001,26.969999,27.135000,24.632086,6085200
2013-02-27,27.080000,27.260000,26.980000,27.170000,24.663855,6269200
2013-02-28,27.129999,27.360001,27.000000,27.230000,24.814224,6713600
2013-03-01,27.209999,27.415001,27.090000,27.410000,24.978251,8053400
2013-03-04,27.275000,27.450001,27.205000,27.365000,24.937241,5291800
2013-03-05,27.450001,27.500000,27.260000,27.450001,25.014698,8098000
2013-03-06,27.480000,27.805000,27.350000,27.650000,25.196960,5812000
2013-03-07,27.700001,27.825001,27.570000,27.610001,25.160507,5685200
2013-03-08,27.559999,27.615000,27.250000,27.344999,24.919014,8013000
2013-03-11,27.285000,27.320000,27.080000,27.264999,24.846107,6754800
2013-03-12,26.850000,27.084999,26.635000,26.745001,24.372250,12341600
2013-03-13,26.805000,27.495001,26.799999,27.424999,24.991913,8185400
2013-03-14,27.420000,27.450001,27.170000,27.344999,24.919014,6910800
2013-03-15,27.334999,27.424999,27.145000,27.389999,24.960020,8121000
2013-03-18,27.215000,27.330000,27.040001,27.080000,24.677525,5079400
2013-03-19,27.145000,27.219999,26.770000,26.915001,24.527168,6628400
2013-03-20,27.035000,27.440001,27.030001,27.415001,24.982803,7941800
2013-03-21,27.230000,27.360001,26.764999,26.799999,24.422365,15896200
2013-03-22,29.000000,30.125000,28.934999,29.764999,27.124319,38657400
2013-03-25,29.695000,29.990000,29.514999,29.780001,27.137989,13317400
2013-03-26,29.674999,29.815001,29.450001,29.735001,27.096985,8948600
2013-03-27,29.510000,29.650000,29.070000,29.225000,26.632229,10445000
2013-03-28,29.480000,29.655001,29.225000,29.504999,26.887383,7612400
2013-04-01,29.500000,29.594999,28.990000,29.129999,26.545656,6969800
2013-04-02,29.184999,29.695000,29.180000,29.450001,26.837263,9330600
2013-04-03,29.600000,29.764999,29.280001,29.455000,26.841816,7626600
2013-04-04,29.395000,29.750000,29.370001,29.670000,27.037746,4999400
2013-04-05,29.290001,29.520000,29.165001,29.485001,26.869167,6189800
2013-04-08,29.445000,29.975000,29.410000,29.975000,27.315687,8013200
2013-04-09,29.910000,30.065001,29.645000,29.945000,27.288349,6675000
2013-04-10,29.959999,30.275000,29.959999,30.145000,27.470610,5951000
2013-04-11,30.184999,30.690001,30.155001,30.600000,27.885239,8789400
2013-04-12,30.535000,30.615000,30.215000,30.290001,27.602741,5538800
2013-04-15,30.230000,30.465000,29.834999,29.834999,27.188110,6662600
2013-04-16,30.014999,30.264999,29.834999,30.250000,27.566290,5960600
2013-04-17,30.084999,30.655001,30.004999,30.450001,27.748552,10434800
2013-04-18,30.485001,30.600000,29.850000,30.090000,27.420485,6016400
2013-04-19,30.290001,30.520000,30.135000,30.459999,27.757654,6768400
2013-04-22,30.545000,30.745001,30.315001,30.680000,27.958139,5968600
2013-04-23,30.809999,30.965000,30.620001,30.840000,28.103951,6119600
2013-04-24,30.924999,31.000000,30.700001,30.764999,28.035601,4168000
2013-04-25,30.809999,31.245001,30.785000,31.035000,28.281651,4367600
2013-04-26,31.080000,31.235001,30.790001,30.945000,28.199629,4825600
2013-04-29,31.000000,31.405001,30.809999,31.315001,28.536800,5841600
2013-04-30,31.365000,31.885000,31.330000,31.799999,28.978775,10094800
2013-05-01,31.780001,32.145000,31.600000,31.680000,28.869425,7924400
2013-05-02,31.750000,31.785000,31.475000,31.660000,28.851198,5605400
2013-05-03,31.840000,32.480000,31.840000,32.275002,29.411638,6950800
2013-05-06,32.200001,32.275002,31.889999,31.980000,29.142809,4750200
2013-05-07,32.095001,32.185001,31.905001,31.955000,29.120026,6298000
2013-05-08,31.850000,32.055000,31.834999,31.950001,29.115471,6259000
2013-05-09,31.950001,32.264999,31.825001,31.870001,29.042566,4433800
2013-05-10,31.930000,32.395000,31.834999,32.380001,29.507326,6645600
2013-05-13,32.255001,32.400002,32.160000,32.325001,29.457209,3780600
2013-05-14,32.264999,32.990002,32.264999,32.955002,30.031313,8277200
2013-05-15,32.889999,33.000000,32.724998,32.915001,29.994854,5286200
2013-05-16,32.880001,33.035000,32.080002,32.220001,29.361517,7688600
2013-05-17,32.235001,32.720001,32.200001,32.660000,29.762484,6219200
2013-05-20,32.634998,32.750000,32.525002,32.665001,29.767042,5461800
2013-05-21,32.669998,32.724998,32.490002,32.615002,29.721478,6465400
2013-05-22,32.619999,32.785000,32.044998,32.224998,29.366072,8295200
2013-05-23,31.990000,32.075001,31.545000,31.665001,28.855757,8626400
2013-05-24,31.334999,31.434999,30.780001,31.395000,28.609705,7517400
2013-05-28,31.785000,32.055000,31.520000,31.639999,28.832977,7784000
2013-05-29,31.455000,31.584999,31.200001,31.465000,28.673498,5521200
2013-05-30,31.475000,31.650000,31.195000,31.205000,28.531776,5955200
2013-05-31,31.100000,31.570000,30.830000,30.830000,28.188902,7460400
2013-06-03,30.799999,31.540001,30.555000,31.514999,28.815218,10141200
2013-06-04,31.625000,31.785000,31.155001,31.389999,28.700926,6785400
2013-06-05,31.299999,31.469999,30.799999,30.875000,28.230047,6205400
2013-06-06,30.870001,31.090000,30.605000,31.080000,28.417484,4761400
2013-06-07,31.240000,31.545000,31.125000,31.375000,28.687214,5332000
2013-06-10,31.455000,31.740000,31.370001,31.520000,28.819792,5479000
2013-06-11,31.150000,31.469999,30.985001,31.075001,28.412912,5540400
2013-06-12,31.285000,31.285000,30.674999,30.705000,28.074608,5442600
2013-06-13,30.650000,30.959999,30.514999,30.879999,28.234619,7832600
2013-06-14,30.815001,31.200001,30.805000,30.945000,28.294050,5222400
2013-06-17,31.190001,31.360001,30.910000,30.969999,28.316906,7512800
2013-06-18,30.920000,31.125000,30.809999,31.075001,28.412912,9068800
2013-06-19,31.070000,31.170000,30.865000,30.875000,28.230047,9223600
2013-06-20,30.665001,30.815001,30.320000,30.389999,27.786594,9824200
2013-06-21,30.410000,30.690001,30.035000,30.285000,27.690592,10089200
2013-06-24,30.080000,30.254999,29.555000,29.975000,27.407145,9489400
2013-06-25,30.209999,30.495001,29.975000,30.195000,27.608299,10896400
2013-06-26,30.430000,31.059999,30.395000,30.924999,28.275766,11376800
2013-06-27,31.434999,31.625000,31.065001,31.160000,28.490631,12282800
2013-06-28,30.969999,32.035000,30.090000,31.840000,29.112381,26803800
2013-07-01,31.969999,32.294998,31.100000,31.165001,28.495201,14398800
2013-07-02,30.965000,31.540001,30.950001,31.309999,28.627779,7402400
2013-07-03,31.120001,31.469999,31.049999,31.430000,28.737499,3375600
2013-07-05,31.580000,31.915001,31.575001,31.820000,29.094091,5157800
2013-07-08,32.000000,32.330002,31.740000,31.860001,29.130663,6981600
2013-07-09,32.000000,32.139999,31.700001,31.965000,29.226664,6989200
2013-07-10,31.955000,31.955000,31.660000,31.799999,29.075804,5101800
2013-07-11,32.099998,32.220001,31.719999,31.860001,29.130663,7146000
2013-07-12,31.815001,31.915001,31.745001,31.834999,29.107805,4424000
2013-07-15,31.730000,31.825001,31.625000,31.674999,28.961514,5761800
2013-07-16,31.570000,31.735001,31.235001,31.350000,28.664356,6858200
2013-07-17,31.299999,31.834999,31.285000,31.665001,28.952366,6247600
2013-07-18,31.620001,31.889999,31.450001,31.660000,28.947794,4486800
2013-07-19,31.625000,31.795000,31.540001,31.674999,28.961514,5919400
2013-07-22,31.555000,31.785000,31.420000,31.645000,28.934082,5581600
2013-07-23,31.760000,31.790001,31.570000,31.594999,28.888361,4289600
2013-07-24,31.594999,31.715000,31.285000,31.315001,28.632349,4705400
2013-07-25,31.375000,31.445000,31.100000,31.245001,28.568348,8911400
2013-07-26,31.025000,31.299999,31.014999,31.264999,28.586634,5517800
2013-07-29,31.125000,31.395000,31.125000,31.355000,28.668932,5075600
2013-07-30,31.325001,31.549999,31.320000,31.424999,28.732929,6399600
2013-07-31,31.559999,31.750000,31.385000,31.459999,28.764927,8461800
2013-08-01,31.620001,33.055000,31.620001,32.985001,30.159283,15813200
2013-08-02,32.994999,33.305000,32.705002,33.150002,30.310154,7499800
2013-08-05,33.099998,33.270000,33.080002,33.200001,30.355879,4213000
2013-08-06,33.154999,33.424999,32.939999,33.270000,30.419876,6244000
2013-08-07,33.070000,33.119999,32.805000,32.814999,30.003859,5888800
2013-08-08,33.029999,33.224998,32.889999,33.025002,30.195868,5057400
2013-08-09,32.959999,33.369999,32.919998,33.154999,30.314722,5644800
2013-08-12,33.044998,33.299999,33.025002,33.255001,30.406158,4401800
2013-08-13,33.305000,33.375000,32.845001,32.904999,30.086151,4299400
2013-08-14,32.764999,32.830002,32.115002,32.174999,29.418680,5961800
2013-08-15,31.889999,32.000000,31.580000,31.745001,29.025517,6227000
2013-08-16,31.719999,32.154999,31.670000,31.825001,29.098663,5261200
2013-08-19,31.850000,32.555000,31.750000,32.355000,29.583261,7749600
2013-08-20,32.275002,32.855000,32.154999,32.314999,29.546684,7668400
2013-08-21,32.285000,32.494999,32.020000,32.064999,29.318100,4770400
2013-08-22,32.049999,32.584999,31.950001,32.430000,29.651840,5056000
2013-08-23,32.584999,32.610001,31.950001,32.105000,29.354677,8044600
2013-08-26,32.099998,32.264999,31.959999,31.959999,29.222099,5472400
2013-08-27,31.629999,31.870001,31.395000,31.405001,28.714643,4870800
2013-08-28,31.360001,31.850000,31.325001,31.684999,28.970655,6044000
2013-08-29,31.495001,31.930000,31.440001,31.740000,29.117437,4600000
2013-08-30,31.855000,31.895000,31.299999,31.410000,28.814703,5851000
2013-09-03,31.805000,32.450001,31.750000,32.145000,29.488976,8214000
2013-09-04,32.165001,32.740002,32.150002,32.564999,29.874266,7101400
2013-09-05,32.500000,32.790001,32.345001,32.689999,29.988937,5271600
2013-09-06,32.700001,32.775002,32.084999,32.490002,29.805473,4632600
2013-09-09,32.529999,32.794998,32.465000,32.700001,29.998117,4147800
2013-09-10,33.349998,33.490002,32.980000,33.410000,30.649450,13380000
2013-09-11,33.490002,33.910000,33.410000,33.794998,31.002636,9112400
2013-09-12,33.980000,34.450001,33.900002,34.040001,31.227398,8249800
2013-09-13,33.950001,34.070000,33.595001,33.955002,31.149416,6584600
2013-09-16,34.375000,34.410000,33.955002,34.095001,31.277859,5337600
2013-09-17,34.090000,34.334999,33.990002,34.160000,31.337479,7752400
2013-09-18,33.985001,34.924999,33.965000,34.740002,31.869562,8548000
2013-09-19,34.884998,35.279999,34.404999,34.750000,31.878729,14627600
2013-09-20,34.599998,34.750000,34.049999,34.685001,31.819101,37157000
2013-09-23,34.555000,34.775002,34.020000,34.490002,31.640213,11022000
2013-09-24,34.720001,34.860001,34.595001,34.715000,31.846622,7432800
2013-09-25,34.715000,34.764999,34.369999,34.459999,31.612701,7883200
2013-09-26,34.615002,35.244999,34.575001,35.169998,32.264027,13765000
2013-09-27,37.410000,37.625000,36.674999,36.820000,33.777691,31182000
2013-09-30,36.150002,36.584999,36.080002,36.320000,33.319000,14796400
2013-10-01,36.520000,36.625000,36.009998,36.209999,33.218090,10444400
2013-10-02,36.020000,36.130001,35.794998,35.945000,32.975002,8751600
2013-10-03,35.945000,36.250000,35.529999,35.820000,32.860325,7144600
2013-10-04,35.884998,36.174999,35.660000,36.070000,33.089672,7168200
2013-10-07,35.705002,35.985001,35.650002,35.669998,32.722713,5172800
2013-10-08,35.730000,36.314999,35.090000,35.139999,32.236507,7514200
2013-10-09,35.259998,35.735001,34.980000,35.445000,32.516304,9282200
2013-10-10,36.075001,36.724998,35.970001,36.720001,33.685966,11104800
2013-10-11,36.735001,36.865002,36.439999,36.730000,33.695137,10792200
2013-10-14,36.474998,37.084999,36.389999,37.029999,33.970345,6199800
2013-10-15,36.950001,37.185001,36.705002,36.855000,33.809799,7951200
2013-10-16,37.044998,37.310001,36.860001,37.259998,34.181343,8751600
2013-10-17,37.174999,37.325001,37.040001,37.270000,34.190517,9384400
2013-10-18,37.275002,37.994999,37.134998,37.965000,34.828087,9830800
2013-10-21,37.945000,38.185001,37.750000,38.044998,34.901474,9992600
2013-10-22,38.055000,38.244999,37.759998,37.980000,34.841843,6818800
2013-10-23,37.770000,37.970001,37.555000,37.779999,34.658371,4762000
2013-10-24,37.805000,37.889999,37.619999,37.755001,34.635445,5626400
2013-10-25,37.779999,38.180000,37.674999,37.849998,34.722599,6889000
2013-10-28,37.875000,37.990002,37.685001,37.755001,34.635445,6136800
2013-10-29,37.889999,38.090000,37.770000,37.955002,34.818913,4201000
2013-10-30,38.305000,38.445000,37.974998,38.064999,34.919823,6314200
2013-10-31,38.020000,38.134998,37.570000,37.880001,34.750122,8184400
2013-11-01,37.900002,38.215000,37.825001,38.029999,34.887726,4221600
2013-11-04,38.165001,38.270000,37.814999,38.185001,35.029903,3609200
2013-11-05,38.020000,38.660000,37.939999,38.599998,35.410618,6320400
2013-11-06,38.830002,38.830002,38.075001,38.380001,35.208797,3945400
2013-11-07,38.599998,38.650002,37.830002,37.849998,34.722599,6250800
2013-11-08,37.794998,38.570000,37.790001,38.560001,35.373928,5821600
2013-11-11,38.650002,38.680000,38.360001,38.580002,35.392281,3523200
2013-11-12,38.500000,38.630001,38.200001,38.435001,35.259258,4327400
2013-11-13,38.270000,38.945000,38.230000,38.924999,35.708763,4802200
2013-11-14,39.115002,39.404999,38.945000,39.320000,36.071129,4764200
2013-11-15,39.195000,39.639999,39.125000,39.610001,36.337158,5774000
2013-11-18,39.700001,39.700001,39.165001,39.290001,36.043606,5693200
2013-11-19,39.205002,39.314999,38.775002,38.904999,35.690411,6443200
2013-11-20,39.000000,39.299999,38.865002,38.919998,35.704174,5893000
2013-11-21,38.910000,39.110001,38.705002,39.044998,35.818836,4669400
2013-11-22,39.230000,39.490002,38.990002,39.435001,36.176632,7035600
2013-11-25,39.529999,39.805000,39.439999,39.564999,36.295876,4583400
2013-11-26,39.884998,39.935001,39.580002,39.799999,36.511459,7360400
2013-11-27,39.845001,39.915001,39.544998,39.665001,36.387619,3734200
2013-11-29,39.790001,39.880001,39.540001,39.570000,36.300472,3475200
2013-12-02,39.735001,40.070000,39.459999,39.544998,36.277542,6467800
2013-12-03,39.445000,39.744999,39.299999,39.564999,36.295876,5129200
2013-12-04,39.450001,39.590000,39.130001,39.410000,36.153702,4833200
2013-12-05,39.494999,39.669998,39.314999,39.474998,36.213322,5493400
2013-12-06,39.810001,39.945000,39.630001,39.930000,36.630726,3894000
2013-12-09,39.965000,40.130001,39.834999,39.889999,36.594017,4299200
2013-12-10,39.674999,39.830002,39.555000,39.610001,36.337158,5393800
2013-12-11,39.459999,39.509998,38.365002,38.419998,35.245483,13311600
2013-12-12,38.459999,38.459999,37.709999,38.115002,35.075256,10826000
2013-12-13,38.174999,38.395000,38.119999,38.200001,35.153473,7562200
2013-12-16,38.455002,38.549999,38.139999,38.220001,35.171864,9731000
2013-12-17,38.470001,38.625000,38.200001,38.380001,35.319107,13980600
2013-12-18,38.500000,39.290001,38.474998,39.275002,36.142735,10814400
2013-12-19,39.285000,39.375000,38.880001,39.130001,36.009308,10294600
2013-12-20,38.720001,38.849998,38.320000,38.669998,35.585983,20442600
2013-12-23,38.544998,38.720001,38.345001,38.555000,35.480164,9376800
2013-12-24,38.610001,38.900002,38.605000,38.830002,35.733219,2782600
2013-12-26,38.869999,39.230000,38.849998,39.095001,35.977097,4609800
2013-12-27,39.375000,39.505001,39.014999,39.080002,35.963291,4640800
2013-12-30,38.959999,39.445000,38.959999,39.369999,36.230156,4289000
2013-12-31,39.384998,39.474998,39.174999,39.320000,36.184139,4106200
2014-01-02,39.075001,39.415001,38.965000,39.119999,36.000107,5318600
2014-01-03,39.075001,39.314999,38.980000,39.014999,35.903465,5597000
2014-01-06,39.235001,39.299999,38.705002,38.715000,35.627399,6045800
2014-01-07,38.855000,39.000000,38.705002,38.744999,35.654999,6769000
2014-01-08,38.750000,38.974998,38.465000,38.544998,35.470947,6897800
2014-01-09,38.709999,38.730000,38.380001,38.544998,35.470947,6263200
2014-01-10,38.500000,38.674999,38.349998,38.459999,35.392731,5108000
2014-01-13,38.415001,38.459999,37.500000,37.590000,34.592121,8262400
2014-01-14,37.549999,37.669998,37.325001,37.584999,34.587513,7808400
2014-01-15,37.625000,37.865002,37.570000,37.715000,34.707157,5852400
2014-01-16,37.615002,37.689999,37.174999,37.395000,34.412682,4848000
2014-01-17,37.299999,37.369999,36.689999,36.695000,33.768501,9851800
2014-01-21,37.070000,37.299999,36.705002,36.875000,33.934135,13147000
2014-01-22,36.980000,37.029999,36.750000,36.750000,33.819099,7424000
2014-01-23,36.505001,36.590000,36.009998,36.365002,33.464821,9505200
2014-01-24,36.145000,36.330002,35.820000,35.825001,32.967884,9212000
2014-01-27,35.955002,36.130001,35.860001,35.950001,33.082905,11411600
2014-01-28,36.145000,36.575001,36.075001,36.355000,33.455612,9069200
2014-01-29,36.154999,36.285000,35.755001,35.884998,33.023090,10488800
2014-01-30,36.224998,37.099998,36.189999,36.970001,34.021553,10438400
2014-01-31,36.494999,36.654999,36.180000,36.424999,33.520020,8652000
2014-02-03,36.380001,36.395000,35.389999,35.439999,32.613579,9516000
2014-02-04,35.480000,35.619999,35.169998,35.255001,32.443336,7004200
2014-02-05,35.235001,35.430000,34.924999,35.299999,32.484745,7366800
2014-02-06,35.375000,36.134998,35.250000,35.755001,32.903465,7358600
2014-02-07,35.955002,36.424999,35.875000,36.345001,33.446411,6747200
2014-02-10,36.365002,36.494999,36.060001,36.334999,33.437206,6430400
2014-02-11,36.325001,37.075001,36.224998,36.990002,34.039963,8739400
2014-02-12,37.154999,37.404999,36.919998,37.055000,34.099792,6396200
2014-02-13,36.915001,37.480000,36.869999,37.435001,34.449478,6161400
2014-02-14,37.435001,37.590000,37.099998,37.535000,34.541508,6204800
2014-02-18,37.570000,37.735001,37.450001,37.605000,34.605919,5935600
2014-02-19,37.305000,37.775002,37.305000,37.410000,34.426476,5401400
2014-02-20,37.494999,37.875000,37.430000,37.790001,34.776176,5581600
2014-02-21,37.695000,38.330002,37.680000,38.240002,35.190277,8728600
2014-02-24,38.294998,39.070000,38.244999,38.919998,35.816040,11072200
2014-02-25,38.865002,39.259998,38.785000,39.055000,35.940281,6844000
2014-02-26,39.154999,39.529999,39.154999,39.209999,36.082909,7917400
2014-02-27,39.000000,39.195000,38.740002,39.009998,36.009075,6599200
2014-02-28,38.950001,39.355000,38.805000,39.150002,36.138306,6875200
2014-03-03,38.814999,38.994999,38.275002,38.695000,35.718311,6069200
2014-03-04,39.285000,39.525002,39.180000,39.310001,36.286007,5661200
2014-03-05,39.259998,39.299999,38.680000,38.709999,35.732151,6733200
2014-03-06,38.900002,39.195000,38.680000,39.110001,36.101395,5536400
2014-03-07,39.549999,40.044998,39.540001,39.730000,36.673687,8930800
2014-03-10,39.584999,39.680000,39.224998,39.490002,36.452156,5344400
2014-03-11,39.525002,39.810001,39.285000,39.400002,36.369080,4906600
2014-03-12,39.049999,39.500000,39.014999,39.485001,36.447533,4296800
2014-03-13,39.625000,39.865002,39.165001,39.264999,36.244469,8400400
2014-03-14,39.145000,39.500000,38.904999,39.160000,36.147533,6086000
2014-03-17,39.435001,39.570000,39.259998,39.490002,36.452156,8577600
2014-03-18,39.590000,40.040001,39.525002,39.820000,36.756763,8245400
2014-03-19,39.674999,39.980000,39.279999,39.575001,36.530609,5970400
2014-03-20,39.474998,39.634998,38.884998,39.634998,36.585983,12440600
2014-03-21,38.549999,38.654999,37.500000,37.605000,34.712154,31767000
2014-03-24,37.740002,37.915001,37.285000,37.430000,34.550617,9999000
2014-03-25,37.674999,37.755001,36.794998,36.825001,33.992157,10527000
2014-03-26,37.090000,37.250000,36.610001,36.610001,33.793709,8537600
2014-03-27,36.654999,37.049999,36.505001,36.660000,33.839844,8158600
2014-03-28,36.790001,37.060001,36.639999,36.770000,33.941395,5987000
2014-03-31,37.000000,37.095001,36.724998,36.930000,34.089085,6356600
2014-04-01,37.009998,37.389999,37.009998,37.195000,34.333694,7399400
2014-04-02,37.355000,37.500000,37.160000,37.270000,34.402931,7614600
2014-04-03,37.279999,37.590000,36.910000,36.994999,34.149086,8255000
2014-04-04,37.185001,37.250000,36.259998,36.419998,33.618317,9720200
2014-04-07,36.404999,36.470001,35.299999,35.415001,32.690628,13853800
2014-04-08,36.110001,36.555000,35.950001,36.459999,33.655239,12659600
2014-04-09,36.630001,36.799999,36.264999,36.779999,33.950611,7078400
2014-04-10,36.884998,37.084999,36.125000,36.224998,33.438297,8376600
2014-04-11,36.000000,36.334999,35.610001,35.625000,32.884468,8698000
2014-04-14,35.849998,36.230000,35.650002,36.189999,33.405998,7264800
2014-04-15,36.189999,36.435001,35.865002,36.139999,33.359856,7777400
2014-04-16,36.419998,36.590000,36.250000,36.549999,33.738308,4611200
2014-04-17,36.669998,37.215000,36.645000,37.014999,34.167538,9041600
2014-04-21,36.955002,37.029999,36.660000,36.950001,34.107544,6811800
2014-04-22,36.855000,37.349998,36.855000,37.174999,34.315239,5122200
2014-04-23,37.270000,37.430000,37.005001,37.049999,34.199848,4719400
2014-04-24,37.009998,37.185001,36.549999,36.695000,33.872162,6784600
2014-04-25,36.544998,36.849998,36.255001,36.349998,33.553703,6481200
2014-04-28,36.680000,36.845001,35.549999,35.834999,33.078323,11446800
2014-04-29,35.860001,36.360001,35.825001,36.240002,33.452160,6236000
2014-04-30,36.165001,36.529999,36.044998,36.474998,33.669071,6173800
2014-05-01,36.404999,36.689999,36.294998,36.459999,33.655239,4818200
2014-05-02,36.465000,36.764999,36.419998,36.494999,33.687542,4048000
2014-05-05,36.334999,36.715000,36.130001,36.645000,33.826000,4655600
2014-05-06,36.494999,36.584999,36.105000,36.125000,33.346004,4585200
2014-05-07,36.355000,36.415001,35.764999,36.090000,33.313690,5605400
2014-05-08,36.139999,36.674999,36.125000,36.525002,33.715240,7965200
2014-05-09,36.435001,36.790001,36.345001,36.724998,33.899853,4817000
2014-05-12,36.810001,37.330002,36.685001,37.314999,34.444458,6636400
2014-05-13,37.334999,37.500000,37.264999,37.294998,34.426003,4530200
2014-05-14,37.240002,37.325001,36.750000,36.790001,33.959850,6281200
2014-05-15,36.705002,36.810001,36.185001,36.470001,33.664467,6039800
2014-05-16,36.480000,36.974998,36.415001,36.970001,34.125992,5376800
2014-05-19,37.009998,37.275002,36.865002,37.244999,34.379848,4682200
2014-05-20,37.020000,37.049999,36.555000,36.630001,33.812157,5921400
2014-05-21,36.689999,37.130001,36.630001,37.105000,34.250622,4671800
2014-05-22,37.209999,37.465000,37.000000,37.439999,34.559845,4866400
2014-05-23,37.564999,38.160000,37.480000,37.924999,35.007545,7335200
2014-05-27,38.220001,38.424999,38.110001,38.305000,35.358315,6698000
2014-05-28,38.264999,38.305000,37.959999,38.134998,35.201385,4730000
2014-05-29,38.099998,38.320000,37.994999,38.189999,35.363430,3987600
2014-05-30,38.200001,38.465000,38.150002,38.455002,35.608818,5192400
2014-06-02,38.494999,38.494999,38.150002,38.360001,35.520855,3809600
2014-06-03,38.209999,38.305000,37.740002,37.775002,34.979153,6793400
2014-06-04,37.720001,38.180000,37.709999,38.064999,35.247681,7356800
2014-06-05,38.154999,38.270000,37.660000,37.935001,35.127304,7326400
2014-06-06,38.080002,38.435001,38.075001,38.115002,35.293991,6637600
2014-06-09,38.049999,38.455002,38.049999,38.334999,35.497700,5028600
2014-06-10,38.169998,38.459999,38.119999,38.154999,35.331032,5150200
2014-06-11,37.834999,37.900002,37.450001,37.570000,34.789326,9250000
2014-06-12,37.595001,37.720001,37.290001,37.384998,34.618004,6330600
2014-06-13,37.369999,37.465000,36.570000,37.310001,34.548573,7712200
2014-06-16,37.404999,37.650002,37.200001,37.275002,34.516148,6531400
2014-06-17,37.384998,37.580002,37.125000,37.544998,34.766159,6122200
2014-06-18,37.619999,38.180000,37.360001,38.105000,35.284729,9852200
2014-06-19,38.215000,38.224998,37.605000,37.820000,35.020813,4977600
2014-06-20,38.044998,38.064999,37.525002,37.549999,34.770802,11385600
2014-06-23,37.549999,37.805000,37.200001,37.724998,34.932846,9069200
2014-06-24,37.695000,37.985001,37.465000,37.490002,34.715252,7617000
2014-06-25,37.514999,38.270000,37.514999,38.235001,35.405102,7172200
2014-06-26,38.285000,38.455002,37.834999,38.430000,35.585667,10522600
2014-06-27,39.264999,39.575001,38.840000,38.840000,35.965328,18138400
2014-06-30,38.755001,38.865002,38.544998,38.775002,35.905128,8535800
2014-07-01,38.865002,39.270000,38.865002,39.000000,36.113483,7129200
2014-07-02,39.029999,39.205002,38.845001,38.895000,36.016254,5577200
2014-07-03,38.764999,39.310001,38.500000,39.224998,36.321827,4568600
2014-07-07,39.000000,39.415001,38.970001,39.325001,36.414425,5464800
2014-07-08,39.154999,39.205002,38.535000,38.834999,35.960705,8044400
2014-07-09,38.889999,39.384998,38.845001,39.345001,36.432941,7028800
2014-07-10,38.634998,38.904999,38.395000,38.750000,35.881996,6357000
2014-07-11,38.639999,38.794998,38.380001,38.645000,35.784760,5758000
2014-07-14,38.974998,39.095001,38.794998,38.974998,36.090324,5503400
2014-07-15,38.759998,39.105000,38.740002,39.014999,36.127369,6506000
2014-07-16,38.924999,39.115002,38.384998,38.459999,35.613449,7449600
2014-07-17,38.215000,38.485001,38.150002,38.264999,35.432880,7461600
2014-07-18,38.424999,38.855000,38.334999,38.759998,35.891251,6065200
2014-07-21,38.415001,38.650002,38.349998,38.410000,35.567146,4209400
2014-07-22,38.555000,38.820000,38.500000,38.520000,35.669006,5036000
2014-07-23,38.630001,38.724998,38.415001,38.685001,35.821800,4092200
2014-07-24,38.970001,39.384998,38.930000,39.299999,36.391273,8030200
2014-07-25,39.169998,39.389999,38.805000,38.860001,35.983841,4540400
2014-07-28,38.965000,39.299999,38.759998,39.200001,36.298683,4065200
2014-07-29,39.209999,39.430000,39.049999,39.049999,36.159786,4669600
2014-07-30,39.195000,39.970001,39.139999,39.805000,36.858910,9048200
2014-07-31,39.330002,39.509998,38.490002,38.564999,35.710670,7796800
2014-08-01,38.270000,38.625000,38.195000,38.389999,35.548630,5825800
2014-08-04,38.439999,38.705002,38.145000,38.580002,35.724571,4839400
2014-08-05,38.380001,38.820000,38.264999,38.459999,35.613449,4866200
2014-08-06,38.255001,38.619999,38.224998,38.570000,35.715313,5074400
2014-08-07,38.849998,38.865002,37.990002,38.174999,35.349533,6737400
2014-08-08,38.154999,38.549999,37.950001,38.529999,35.678268,6714800
2014-08-11,38.740002,38.750000,38.490002,38.529999,35.678268,7828600
2014-08-12,38.500000,38.720001,38.244999,38.365002,35.525478,9142000
2014-08-13,38.540001,38.895000,38.270000,38.625000,35.766235,6400400
2014-08-14,38.759998,38.904999,38.480000,38.650002,35.789398,3935000
2014-08-15,38.860001,39.000000,38.244999,38.564999,35.710670,4490000
2014-08-18,38.865002,39.345001,38.785000,39.275002,36.368134,5697400
2014-08-19,39.355000,39.544998,39.174999,39.255001,36.349606,4424000
2014-08-20,39.095001,39.540001,39.095001,39.455002,36.534809,3965800
2014-08-21,39.520000,39.700001,39.325001,39.470001,36.548695,4001800
2014-08-22,39.625000,39.865002,39.459999,39.645000,36.710747,5807400
2014-08-25,39.799999,40.150002,39.750000,40.005001,37.044106,5074400
2014-08-26,40.014999,40.049999,39.709999,39.740002,36.798706,5216400
2014-08-27,39.994999,39.994999,39.709999,39.860001,36.909824,3679400
2014-08-28,39.509998,39.610001,39.330002,39.410000,36.603340,5169200
2014-08-29,39.424999,39.470001,39.134998,39.275002,36.477951,6423000
2014-09-02,39.174999,39.759998,39.174999,39.639999,36.816956,8164200
2014-09-03,39.895000,39.939999,39.270000,39.410000,36.603340,4409600
2014-09-04,39.599998,40.110001,39.590000,39.959999,37.114162,6022800
2014-09-05,39.770000,41.055000,39.674999,41.020000,38.098675,12380600
2014-09-08,40.959999,41.395000,40.544998,41.200001,38.265850,11728200
2014-09-09,41.134998,41.270000,40.755001,40.919998,38.005791,8119000
2014-09-10,40.865002,41.305000,40.750000,41.235001,38.298363,6742400
2014-09-11,41.080002,41.294998,40.770000,40.910000,37.996498,7460400
2014-09-12,40.985001,41.000000,40.705002,40.919998,38.005791,5926200
2014-09-15,41.049999,41.090000,40.505001,40.805000,37.898983,6729000
2014-09-16,40.615002,40.770000,40.415001,40.599998,37.708580,9393200
2014-09-17,40.775002,40.915001,40.500000,40.755001,37.852547,7443200
2014-09-18,40.924999,41.000000,40.625000,40.985001,38.066166,6393400
2014-09-19,41.320000,41.369999,40.665001,40.904999,37.991859,19704400
2014-09-22,40.840000,40.935001,40.099998,40.355000,37.481022,8138400
2014-09-23,40.259998,40.290001,39.945000,40.060001,37.207039,6046800
2014-09-24,40.070000,40.435001,39.959999,40.419998,37.541405,6754000
2014-09-25,40.340000,40.340000,39.634998,39.875000,37.035213,14138400
2014-09-26,43.990002,44.994999,43.650002,44.750000,41.563023,35090400
2014-09-29,44.134998,45.049999,44.134998,44.560001,41.386566,14834400
2014-09-30,44.345001,45.145000,44.200001,44.599998,41.423717,11583400
2014-10-01,44.455002,44.500000,43.755001,43.849998,40.727123,9471600
2014-10-02,43.834999,44.755001,43.439999,44.650002,41.470142,8739200
2014-10-03,44.880001,45.224998,44.584999,45.145000,41.929905,8790000
2014-10-06,45.145000,45.250000,44.279999,44.610001,41.433002,7031200
2014-10-07,44.299999,44.595001,44.014999,44.035000,40.898956,5486400
2014-10-08,44.055000,44.580002,43.764999,44.415001,41.251896,7481200
2014-10-09,44.224998,44.494999,43.549999,43.615002,40.508858,7462200
2014-10-10,43.720001,44.099998,43.505001,43.595001,40.490292,9048200
2014-10-13,43.480000,43.560001,42.619999,42.695000,39.654396,8005200
2014-10-14,42.889999,42.955002,42.419998,42.544998,39.515060,9853400
2014-10-15,42.560001,43.549999,42.049999,42.590000,39.556862,17571600
2014-10-16,42.095001,43.625000,41.924999,43.520000,40.420624,13644000
2014-10-17,43.895000,44.174999,43.465000,43.590000,40.485645,11396800
2014-10-20,43.400002,44.465000,43.384998,44.450001,41.284405,6743400
2014-10-21,44.650002,45.349998,44.509998,45.320000,42.092445,6459600
2014-10-22,45.325001,45.764999,44.904999,44.930000,41.730213,7087800
2014-10-23,45.064999,45.660000,44.974998,45.185001,41.967060,6191800
2014-10-24,44.974998,45.494999,44.955002,45.450001,42.213188,4931000
2014-10-27,45.455002,45.889999,45.215000,45.820000,42.556820,5819400
2014-10-28,45.764999,46.224998,45.654999,46.224998,42.932983,6358400
2014-10-29,46.080002,46.270000,45.709999,45.974998,42.700794,4998600
2014-10-30,45.884998,46.500000,45.775002,46.500000,43.188396,4585200
2014-10-31,47.064999,47.070000,46.334999,46.485001,43.174469,6463600
2014-11-03,46.674999,46.740002,46.435001,46.724998,43.397373,4862800
2014-11-04,46.529999,47.009998,46.310001,46.974998,43.629574,4441400
2014-11-05,47.419998,47.419998,46.855000,47.340000,43.968571,6513800
2014-11-06,47.424999,47.544998,47.270000,47.299999,43.931423,5482000
2014-11-07,47.375000,47.375000,46.770000,46.889999,43.550617,4909800
2014-11-10,47.020000,47.535000,47.020000,47.480000,44.098606,5898200
2014-11-11,47.599998,47.650002,47.290001,47.439999,44.061459,4563200
2014-11-12,47.224998,47.959999,47.115002,47.904999,44.493347,5018400
2014-11-13,48.090000,48.275002,47.779999,48.060001,44.637299,5417400
2014-11-14,47.895000,47.939999,47.505001,47.750000,44.349380,6406800
2014-11-17,47.685001,48.095001,47.520000,48.029999,44.609432,5931000
2014-11-18,47.994999,48.424999,47.880001,48.235001,44.799850,4803400
2014-11-19,48.250000,48.549999,48.174999,48.474998,45.022747,4586000
2014-11-20,48.310001,48.849998,48.154999,48.650002,45.185284,4822400
2014-11-21,49.345001,49.480000,48.330002,48.709999,45.241016,7016400
2014-11-24,48.895000,49.250000,48.869999,48.974998,45.487141,5081600
2014-11-25,49.150002,49.250000,48.634998,48.645000,45.180641,6177200
2014-11-26,48.650002,48.939999,48.549999,48.900002,45.417477,3948800
2014-11-28,49.169998,49.880001,49.115002,49.645000,46.109421,3609400
2014-12-01,49.330002,49.695000,48.830002,48.845001,45.366398,5139200
2014-12-02,49.029999,49.360001,48.845001,49.020000,45.528934,4384000
2014-12-03,49.080002,49.299999,48.759998,49.250000,45.742565,3792000
2014-12-04,49.250000,49.695000,49.029999,49.525002,45.997974,4128200
2014-12-05,49.630001,49.750000,49.415001,49.665001,46.127998,3408200
2014-12-08,49.525002,49.525002,48.650002,48.860001,45.380325,5155200
2014-12-09,48.529999,48.700001,47.990002,48.514999,45.059902,5989000
2014-12-10,48.240002,49.119999,48.230000,48.830002,45.352463,6457800
2014-12-11,48.740002,49.299999,48.419998,48.465000,45.142891,8723600
2014-12-12,48.325001,48.945000,48.084999,48.084999,44.788940,8243800
2014-12-15,48.215000,48.465000,47.389999,47.715000,44.444302,10152600
2014-12-16,47.674999,47.709999,46.485001,46.605000,43.410378,14614400
2014-12-17,46.865002,47.380001,46.450001,47.250000,44.011181,11205200
2014-12-18,48.134998,48.540001,47.529999,48.540001,45.212746,18960800
2014-12-19,47.750000,48.139999,46.415001,47.419998,44.169521,27002000
2014-12-22,47.564999,47.965000,47.509998,47.965000,44.677170,7662200
2014-12-23,48.000000,48.255001,47.794998,47.985001,44.695789,5241800
2014-12-24,48.200001,48.674999,48.044998,48.145000,44.844822,2439600
2014-12-26,48.255001,48.605000,48.125000,48.415001,45.096317,3144400
2014-12-29,48.305000,48.825001,48.305000,48.650002,45.315212,4017800
2014-12-30,48.439999,48.650002,48.310001,48.439999,45.119598,4146800
2014-12-31,48.485001,48.805000,48.020000,48.075001,44.779621,4697400
2015-01-02,48.275002,48.474998,47.055000,47.514999,44.257999,4985800
2015-01-05,47.255001,47.275002,46.564999,46.750000,43.545448,6889200
2015-01-06,46.945000,47.075001,46.035000,46.474998,43.289291,7576000
2015-01-07,46.805000,47.650002,46.549999,47.435001,44.183491,7256000
2015-01-08,47.830002,48.549999,47.810001,48.529999,45.203430,5978200
2015-01-09,48.465000,48.494999,47.799999,47.994999,44.705101,4689000
2015-01-12,47.955002,48.259998,47.615002,47.930000,44.644562,5630800
2015-01-13,48.169998,48.724998,47.314999,47.505001,44.248695,6182200
2015-01-14,46.689999,47.185001,46.455002,46.855000,43.643250,6750400
2015-01-15,47.314999,47.340000,46.285000,46.404999,43.224083,4235000
2015-01-16,46.384998,46.564999,46.014999,46.494999,43.307930,8770000
2015-01-20,46.720001,46.945000,46.310001,46.805000,43.596684,9403800
2015-01-21,46.555000,47.064999,46.505001,46.755001,43.550110,5854000
2015-01-22,47.174999,48.055000,46.779999,47.924999,44.639904,6952400
2015-01-23,48.070000,48.375000,47.825001,48.080002,44.784283,6781000
2015-01-26,48.000000,48.235001,47.775002,48.174999,44.872772,4964000
2015-01-27,47.650002,47.724998,47.060001,47.250000,44.011181,6696800
2015-01-28,47.500000,47.660000,46.625000,46.654999,43.456951,6402600
2015-01-29,46.834999,47.435001,46.584999,47.435001,44.183491,6802400
2015-01-30,46.959999,47.180000,46.049999,46.125000,42.963276,8106400
2015-02-02,46.340000,46.345001,45.384998,45.959999,42.809597,8056600
2015-02-03,46.115002,46.695000,46.014999,46.674999,43.475582,7940200
2015-02-04,46.384998,46.634998,46.134998,46.270000,43.098354,7187400
2015-02-05,46.439999,46.794998,46.279999,46.669998,43.470928,5754400
2015-02-06,46.700001,46.735001,45.770000,45.895000,42.749058,7381800
2015-02-09,45.750000,45.849998,45.345001,45.584999,42.460304,7339400
2015-02-10,45.869999,46.549999,45.610001,46.375000,43.196148,7694600
2015-02-11,46.244999,46.375000,45.474998,45.654999,42.525509,8541000
2015-02-12,45.730000,46.330002,45.400002,46.000000,42.846855,11855800
2015-02-13,46.009998,46.285000,45.950001,46.020000,42.865486,7695600
2015-02-17,45.869999,46.450001,45.860001,45.930000,42.781651,7371000
2015-02-18,45.770000,46.884998,45.715000,46.810001,43.601330,8143800
2015-02-19,46.740002,47.130001,46.740002,46.849998,43.638588,6605200
2015-02-20,46.805000,47.645000,46.674999,47.465000,44.211433,7398000
2015-02-23,47.459999,47.615002,47.139999,47.505001,44.248695,4622200
2015-02-24,47.375000,47.770000,47.375000,47.709999,44.439651,5239200
2015-02-25,47.709999,48.599998,47.709999,48.410000,45.091660,7053600
2015-02-26,48.330002,48.665001,48.325001,48.494999,45.301838,5935000
2015-02-27,48.474998,48.705002,48.314999,48.560001,45.362572,7118600
2015-03-02,48.445000,49.430000,48.375000,49.375000,46.123890,11025000
2015-03-03,49.220001,49.235001,48.560001,48.985001,45.759586,7038400
2015-03-04,48.834999,48.935001,48.480000,48.759998,45.549389,4853000
2015-03-05,48.980000,49.340000,48.895000,49.230000,45.988438,6633600
2015-03-06,49.230000,49.345001,48.299999,48.455002,45.264481,7174600
2015-03-09,48.544998,48.910000,48.470001,48.715000,45.507355,5938800
2015-03-10,48.209999,48.485001,48.125000,48.255001,45.077660,7096000
2015-03-11,48.189999,48.540001,47.590000,47.669998,44.531162,7484200
2015-03-12,47.750000,48.549999,47.689999,48.520000,45.325195,5809800
2015-03-13,48.520000,48.740002,47.650002,47.904999,44.750690,7396200
2015-03-16,48.099998,48.400002,47.965000,48.220001,45.044956,8497000
2015-03-17,48.070000,48.389999,47.755001,48.270000,45.091660,6408200
2015-03-18,48.270000,48.935001,47.805000,48.755001,45.544727,8855600
2015-03-19,48.904999,49.310001,48.605000,49.160000,45.923058,13536000
2015-03-20,51.314999,51.895000,50.625000,50.990002,47.632565,29779800
2015-03-23,50.775002,51.299999,50.599998,50.730000,47.389671,10471800
2015-03-24,50.525002,50.830002,50.299999,50.325001,47.011353,7598800
2015-03-25,50.500000,50.590000,49.470001,49.494999,46.235992,8133400
2015-03-26,49.169998,50.044998,48.834999,49.665001,46.394806,9479800
2015-03-27,49.560001,50.090000,49.560001,49.939999,46.651691,4403600
2015-03-30,50.615002,50.775002,50.270000,50.445000,47.123436,5435400
2015-03-31,50.439999,50.919998,50.145000,50.165001,46.861900,6309200
2015-04-01,50.000000,50.139999,49.169998,49.775002,46.497566,6605400
2015-04-02,50.020000,50.160000,49.695000,49.830002,46.548943,3840400
2015-04-06,49.375000,50.314999,49.275002,49.865002,46.581646,5027400
2015-04-07,49.865002,50.130001,49.735001,49.805000,46.525585,3993600
2015-04-08,50.000000,50.485001,49.860001,50.419998,47.100094,6522400
2015-04-09,50.500000,50.845001,50.299999,50.360001,47.044044,5301000
2015-04-10,50.459999,50.540001,49.965000,49.985001,46.693741,5918200
2015-04-13,49.985001,50.029999,49.529999,49.634998,46.366783,7313800
2015-04-14,49.529999,49.904999,49.349998,49.764999,46.488224,4770800
2015-04-15,50.314999,50.365002,49.865002,49.915001,46.628349,5716200
2015-04-16,49.744999,50.084999,49.700001,49.950001,46.661045,4104000
2015-04-17,49.584999,49.685001,49.070000,49.275002,46.030487,6049600
2015-04-20,49.540001,50.169998,49.509998,49.994999,46.703072,6208600
2015-04-21,50.380001,50.424999,49.860001,50.145000,46.843201,5125200
2015-04-22,50.150002,50.195000,49.645000,50.075001,46.777802,3905800
2015-04-23,49.889999,50.799999,49.724998,50.555000,47.226200,4668200
2015-04-24,50.230000,50.639999,50.105000,50.474998,47.151466,4334000
2015-04-27,50.634998,51.000000,50.384998,50.470001,47.146793,5158400
2015-04-28,50.400002,50.400002,49.595001,49.930000,46.642361,6031600
2015-04-29,49.764999,50.244999,49.630001,50.084999,46.787155,5395200
2015-04-30,49.875000,50.255001,49.230000,49.419998,46.165932,6497000
2015-05-01,49.939999,50.410000,49.705002,50.389999,47.072071,6683400
2015-05-04,50.500000,50.599998,50.240002,50.415001,47.095417,4557800
2015-05-05,50.215000,50.435001,50.130001,50.209999,46.903919,5104400
2015-05-06,50.134998,50.500000,49.840000,50.110001,46.810505,5396600
2015-05-07,50.224998,50.794998,50.009998,50.724998,47.385010,5526200
2015-05-08,51.145000,51.650002,51.145000,51.220001,47.847416,5534800
2015-05-11,51.209999,51.610001,51.044998,51.395000,48.010887,5339800
2015-05-12,50.990002,51.345001,50.799999,51.185001,47.814724,4676400
2015-05-13,51.345001,51.365002,50.895000,51.080002,47.716629,4508200
2015-05-14,51.470001,51.755001,51.154999,51.720001,48.314487,5433400
2015-05-15,51.825001,52.514999,51.685001,52.490002,49.033794,7865200
2015-05-18,52.555000,52.750000,52.209999,52.375000,48.926361,5045200
2015-05-19,52.310001,52.590000,52.174999,52.320000,48.874985,5971200
2015-05-20,52.459999,52.575001,52.105000,52.305000,48.860970,5399200
2015-05-21,52.435001,52.599998,52.119999,52.200001,48.762894,5455200
2015-05-22,52.605000,52.610001,52.020000,52.215000,48.776894,5654800
2015-05-26,52.215000,52.375000,51.590000,51.709999,48.305149,5691400
2015-05-27,51.740002,51.959999,51.154999,51.419998,48.034248,8896800
2015-05-28,51.115002,51.474998,50.755001,51.150002,47.912476,5781600
2015-05-29,51.150002,51.189999,50.520000,50.834999,47.617428,5562200
2015-06-01,50.884998,51.145000,50.724998,50.880001,47.659573,4944000
2015-06-02,50.900002,51.345001,50.750000,51.055000,47.823486,4974400
2015-06-03,51.145000,51.544998,50.884998,51.255001,48.010822,4766800
2015-06-04,51.029999,51.650002,50.810001,50.974998,47.748547,4467200
2015-06-05,50.750000,51.125000,50.564999,51.014999,47.786018,3791800
2015-06-08,50.799999,50.945000,50.689999,50.720001,47.509686,4314000
2015-06-09,50.744999,50.965000,50.389999,50.674999,47.467541,3476800
2015-06-10,50.915001,52.014999,50.830002,51.669998,48.399559,6270400
2015-06-11,52.544998,52.560001,51.735001,51.939999,48.652477,6178000
2015-06-12,51.775002,52.049999,51.605000,51.889999,48.605629,4133000
2015-06-15,51.549999,51.924999,51.365002,51.674999,48.404255,4902000
2015-06-16,51.740002,52.490002,51.720001,52.279999,48.970951,5034000
2015-06-17,52.369999,52.584999,52.040001,52.375000,49.059937,4072400
2015-06-18,52.525002,53.334999,52.505001,53.000000,49.645382,5690600
2015-06-19,53.014999,53.424999,52.970001,53.264999,49.893608,7285600
2015-06-22,53.430000,53.724998,53.325001,53.395000,50.015373,4186600
2015-06-23,53.599998,53.630001,53.410000,53.599998,50.207409,5934200
2015-06-24,53.599998,53.685001,53.020000,53.110001,49.748421,5056200
2015-06-25,53.404999,53.404999,52.334999,52.610001,49.280064,10811400
2015-06-26,54.185001,55.169998,54.185001,54.855000,51.382961,20287600
2015-06-29,54.634998,54.744999,53.830002,53.834999,50.427521,9005000
2015-06-30,54.424999,54.439999,53.900002,54.009998,50.591450,7531200
2015-07-01,54.474998,54.715000,54.294998,54.715000,51.251835,5924000
2015-07-02,54.955002,55.365002,54.544998,54.935001,51.457901,5900000
2015-07-06,54.544998,55.255001,54.505001,54.919998,51.443848,4991400
2015-07-07,55.040001,55.665001,54.529999,55.645000,52.122971,7207000
2015-07-08,55.110001,55.375000,54.500000,54.634998,51.176888,6733600
2015-07-09,55.119999,55.459999,54.595001,54.720001,51.256508,6168400
2015-07-10,55.264999,55.400002,54.500000,55.259998,51.762329,5159200
2015-07-13,55.619999,56.275002,55.400002,56.205002,52.647522,5047600
2015-07-14,56.419998,56.529999,55.959999,56.169998,52.614731,5561400
2015-07-15,56.000000,56.195000,55.845001,55.950001,52.408665,5016400
2015-07-16,56.380001,56.450001,55.924999,56.169998,52.614731,4334600
2015-07-17,56.185001,56.490002,55.950001,56.400002,52.830185,4545400
2015-07-20,56.634998,56.775002,56.410000,56.564999,52.984737,5978200
2015-07-21,56.490002,56.785000,56.360001,56.494999,52.919155,4626400
2015-07-22,56.435001,57.110001,56.435001,57.044998,53.434353,5954200
2015-07-23,57.250000,57.349998,56.904999,57.000000,53.392200,6714200
2015-07-24,57.090000,57.090000,56.235001,56.494999,52.919155,5967200
2015-07-27,56.200001,56.459999,55.474998,55.865002,52.329037,6648000
2015-07-28,56.035000,56.955002,55.924999,56.735001,53.143982,6948200
2015-07-29,56.790001,57.669998,56.750000,57.459999,53.823086,6839800
2015-07-30,57.474998,57.700001,56.970001,57.505001,53.865234,5594000
2015-07-31,57.750000,57.970001,57.415001,57.610001,53.963585,5078600
2015-08-03,57.755001,58.000000,56.794998,57.415001,53.780937,4992000
2015-08-04,57.474998,57.965000,57.165001,57.884998,54.221184,5229000
2015-08-05,58.305000,58.860001,58.174999,58.375000,54.680180,6853000
2015-08-06,58.500000,58.750000,57.185001,57.560001,53.916756,6211400
2015-08-07,57.360001,57.480000,56.549999,57.255001,53.631069,5907800
2015-08-10,57.695000,58.084999,57.424999,57.680000,54.029163,4613200
2015-08-11,57.070000,57.494999,56.814999,57.230000,53.607647,5107400
2015-08-12,56.770000,56.875000,55.325001,56.529999,52.951954,7127000
2015-08-13,56.634998,57.264999,56.474998,56.799999,53.204857,5907800
2015-08-14,56.794998,57.285000,56.555000,57.180000,53.560802,4685200
2015-08-17,57.060001,57.564999,56.544998,57.490002,53.851192,3917400
2015-08-18,57.560001,57.840000,57.294998,57.410000,53.776253,3669400
2015-08-19,57.000000,58.025002,56.775002,57.480000,53.841824,6216400
2015-08-20,56.855000,57.224998,56.119999,56.150002,52.596012,6536800
2015-08-21,55.735001,55.830002,53.419998,53.435001,50.052853,15912800
2015-08-24,50.130001,53.689999,47.250000,51.935001,48.647785,19882600
2015-08-25,53.639999,53.654999,51.740002,51.764999,48.488556,13616200
2015-08-26,53.250000,54.505001,51.990002,54.380001,50.938034,15156000
2015-08-27,55.185001,56.345001,54.814999,56.310001,52.745888,13617400
2015-08-28,56.299999,56.500000,55.820000,56.250000,52.689678,7526200
2015-08-31,56.195000,56.244999,55.615002,55.875000,52.338402,7073600
2015-09-01,54.490002,54.915001,54.014999,54.314999,50.877151,9385200
2015-09-02,55.075001,55.389999,54.599998,55.349998,51.846630,8536400
2015-09-03,55.615002,56.044998,55.205002,55.424999,52.048542,6065000
2015-09-04,54.610001,55.215000,54.470001,54.845001,51.503872,7126200
2015-09-08,55.730000,55.935001,55.110001,55.875000,52.471127,5511400
2015-09-09,56.355000,56.494999,54.805000,54.930000,51.583691,6349800
2015-09-10,54.830002,55.520000,54.470001,55.189999,51.827854,7363000
2015-09-11,55.115002,55.919998,54.994999,55.910000,52.503990,5589600
2015-09-14,55.755001,56.029999,55.570000,55.945000,52.536858,6833200
2015-09-15,55.950001,57.040001,55.400002,56.919998,53.452461,7699400
2015-09-16,57.165001,57.955002,56.919998,57.790001,54.269463,8104400
2015-09-17,57.619999,58.395000,57.279999,57.634998,54.123901,8062600
2015-09-18,57.075001,57.814999,56.880001,57.525002,54.020607,18615000
2015-09-21,57.834999,58.544998,57.380001,58.279999,54.729610,8746600
2015-09-22,57.625000,58.080002,57.189999,57.985001,54.452599,7555400
2015-09-23,57.985001,58.299999,57.599998,57.715000,54.199032,9055800
2015-09-24,57.150002,57.575001,56.750000,57.395000,53.898537,14352600
2015-09-25,61.564999,62.974998,61.349998,62.500000,58.692532,36968200
2015-09-28,62.250000,62.380001,60.424999,61.070000,57.349651,16450800
2015-09-29,61.000000,61.044998,59.525002,59.834999,56.189884,14414400
2015-09-30,60.369999,61.560001,60.369999,61.485001,57.739361,9437800
2015-10-01,61.580002,61.970001,60.639999,61.915001,58.143177,8994200
2015-10-02,61.044998,62.605000,60.779999,62.605000,58.791134,9114400
2015-10-05,62.919998,63.244999,62.044998,62.134998,58.349777,9646400
2015-10-06,62.134998,62.400002,61.294998,61.595001,57.842663,7665400
2015-10-07,61.805000,62.224998,60.500000,61.049999,57.330868,10215400
2015-10-08,61.459999,62.619999,61.334999,62.455002,58.650280,7622600
2015-10-09,62.279999,62.669998,62.044998,62.470001,58.664360,6940600
2015-10-12,62.599998,63.549999,62.509998,63.215000,59.363976,5449000
2015-10-13,63.000000,63.270000,62.794998,62.904999,59.072849,6355400
2015-10-14,62.994999,63.305000,62.695000,62.919998,59.086945,6509000
2015-10-15,63.610001,64.584999,63.480000,64.394997,60.472092,10764800
2015-10-16,64.750000,65.294998,64.434998,65.235001,61.260921,9321600
2015-10-19,65.855003,66.760002,65.555000,66.605003,62.547466,12587800
2015-10-20,66.525002,66.680000,65.985001,66.184998,62.153049,9104200
2015-10-21,66.324997,66.610001,65.915001,66.235001,62.200008,5504000
2015-10-22,66.434998,66.724998,65.290001,66.205002,62.171841,9294800
2015-10-23,66.535004,66.599998,64.455002,65.264999,61.289097,10517800
2015-10-26,65.135002,66.114998,65.135002,65.690002,61.688206,6882800
2015-10-27,65.500000,65.620003,64.830002,65.410004,61.425270,6150000
2015-10-28,65.860001,66.025002,64.964996,65.644997,61.645947,7091400
2015-10-29,65.339996,65.735001,64.980003,65.559998,61.566139,4959000
2015-10-30,65.775002,65.809998,65.035004,65.514999,61.523869,7230800
2015-11-02,65.864998,66.000000,64.730003,65.595001,61.598999,6123200
2015-11-03,65.620003,65.849998,65.339996,65.699997,61.697582,5492000
2015-11-04,65.695000,65.934998,64.940002,65.180000,61.209259,5190200
2015-11-05,65.589996,66.220001,65.230003,65.930000,61.913586,5068200
2015-11-06,65.800003,66.470001,65.680000,65.889999,61.876022,4837600
2015-11-09,65.625000,65.709999,64.635002,65.239998,61.265625,6181200
2015-11-10,65.044998,65.345001,64.764999,65.000000,61.040237,5287400
2015-11-11,65.139999,65.294998,63.639999,63.709999,59.828827,8578000
2015-11-12,63.500000,64.000000,62.705002,62.990002,59.152683,9388000
2015-11-13,62.540001,62.610001,60.575001,60.930000,57.218174,16371000
2015-11-16,60.900002,61.740002,60.669998,61.730000,57.969440,9146400
2015-11-17,61.525002,61.799999,60.209999,61.290001,57.556252,10581600
2015-11-18,61.520000,63.014999,61.330002,62.889999,59.058784,10597800
2015-11-19,63.130001,63.494999,62.689999,62.889999,59.058784,8557600
2015-11-20,66.035004,66.400002,65.239998,66.324997,62.284523,19064800
2015-11-23,66.410004,66.500000,65.889999,66.230003,62.195316,7135600
2015-11-24,65.815002,66.489998,65.629997,66.254997,62.218777,5311600
2015-11-25,66.540001,67.275002,66.514999,67.065002,62.979431,6989000
2015-11-27,67.459999,67.650002,66.665001,67.165001,63.073341,4527800
2015-11-30,66.964996,67.095001,65.820000,66.139999,62.110806,8738800
2015-12-01,66.059998,66.709999,65.959999,66.654999,62.594410,6857000
2015-12-02,66.425003,66.610001,66.050003,66.324997,62.284523,7965600
2015-12-03,66.555000,66.680000,64.500000,64.559998,60.627045,10649800
2015-12-04,64.900002,66.459999,64.900002,66.165001,62.134274,7410400
2015-12-07,66.375000,66.449997,65.305000,65.800003,61.941311,6190000
2015-12-08,65.434998,66.370003,65.214996,65.849998,61.988354,5605800
2015-12-09,65.379997,65.769997,63.869999,64.419998,60.642212,7442800
2015-12-10,64.360001,64.820000,64.004997,64.320000,60.548077,5682600
2015-12-11,63.810001,63.869999,62.834999,63.145000,59.441990,8276000
2015-12-14,63.314999,64.165001,63.060001,63.930000,60.180954,7991400
2015-12-15,64.800003,65.000000,64.175003,64.305000,60.533951,6869600
2015-12-16,64.684998,65.599998,64.410004,65.464996,61.625938,7542200
2015-12-17,65.849998,65.925003,65.035004,65.110001,61.291759,7400800
2015-12-18,64.864998,65.264999,64.184998,64.260002,60.491608,13804600
2015-12-21,64.839996,65.154999,64.305000,64.900002,61.094082,8972600
2015-12-22,65.739998,65.925003,64.910004,65.925003,62.058952,17218400
2015-12-23,68.120003,68.195000,63.910000,64.355003,60.581032,57319400
2015-12-24,64.550003,64.730003,62.150002,63.180000,59.474945,13889100
2015-12-28,63.209999,63.880001,62.799999,63.810001,60.067989,8786800
2015-12-29,64.309998,64.480003,64.019997,64.260002,60.491608,6708600
2015-12-30,64.360001,64.400002,63.169998,63.250000,59.540821,5817900
2015-12-31,63.150002,63.169998,62.500000,62.500000,58.834805,6454700
2016-01-04,61.110001,61.910000,60.860001,61.520000,57.912281,11626800
2016-01-05,61.720001,62.590000,61.720001,62.380001,58.721848,9220600
2016-01-06,61.299999,62.040001,61.150002,61.490002,57.884041,6551600
2016-01-07,60.389999,61.259998,59.779999,59.849998,56.340210,10881300
2016-01-08,60.060001,60.790001,58.660000,58.869999,55.417686,11191300
2016-01-11,58.970001,60.040001,58.540001,59.549999,56.057804,12825000
2016-01-12,60.349998,60.820000,59.570000,59.939999,56.424934,8292200
2016-01-13,60.529999,60.529999,58.669998,58.779999,55.332962,9944300
2016-01-14,59.000000,59.349998,57.279999,58.509998,55.078800,9989000
2016-01-15,56.930000,58.139999,56.590000,57.560001,54.184505,12208300
2016-01-19,58.189999,59.070000,57.669998,58.320000,54.899944,9924300
2016-01-20,57.250000,59.590000,56.750000,59.040001,55.577724,16234200
2016-01-21,59.080002,61.160000,59.060001,60.560001,57.008579,16121600
2016-01-22,61.290001,61.470001,60.590000,60.880001,57.309818,8430100
2016-01-25,61.090000,61.299999,60.619999,60.700001,57.140373,10383400
2016-01-26,60.490002,61.369999,60.270000,61.110001,57.526333,8005200
2016-01-27,60.959999,61.099998,59.200001,59.580002,56.086044,8593700
2016-01-28,60.320000,61.599998,59.980000,61.200001,57.611050,10207000
2016-01-29,61.200001,62.160000,61.200001,62.009998,58.373539,10475200
2016-02-01,61.750000,63.470001,61.700001,63.160000,59.456089,8247800
2016-02-02,63.020000,63.500000,62.310001,62.549999,58.881886,9458500
2016-02-03,62.880001,62.900002,61.299999,62.490002,58.825394,7213500
2016-02-04,62.020000,62.160000,59.990002,60.169998,56.641453,10455700
2016-02-05,59.759998,59.840000,56.980000,57.169998,53.817371,14415900
2016-02-08,56.099998,56.209999,53.639999,55.040001,51.812279,21214500
2016-02-09,54.500000,56.619999,54.279999,55.680000,52.414764,10915700
2016-02-10,56.540001,58.180000,55.930000,57.410000,54.043308,13376800
2016-02-11,56.459999,56.910000,55.389999,56.000000,52.715992,13090900
2016-02-12,57.369999,57.450001,55.500000,56.419998,53.111355,10229500
2016-02-16,57.570000,58.000000,56.820000,57.790001,54.401024,8058000
2016-02-17,58.599998,58.599998,57.099998,58.169998,54.758736,10332700
2016-02-18,58.169998,58.959999,57.980000,58.599998,55.163517,9658600
2016-02-19,58.500000,59.310001,57.630001,59.310001,55.831890,10080100
2016-02-22,59.310001,60.480000,59.259998,60.169998,56.641453,11523400
2016-02-23,60.259998,60.740002,59.889999,60.209999,56.679115,7504600
2016-02-24,59.740002,60.700001,59.200001,60.400002,56.857960,10390800
2016-02-25,60.680000,62.380001,60.630001,62.380001,58.721848,8524300
2016-02-26,62.639999,63.490002,62.470001,62.599998,58.928951,8896100
2016-02-29,62.459999,62.680000,61.580002,61.590000,57.978168,7720600
2016-03-01,61.970001,63.099998,61.750000,62.919998,59.230183,7438300
2016-03-02,62.520000,62.889999,61.500000,62.220001,58.571232,8465800
2016-03-03,62.049999,62.200001,60.919998,61.470001,58.014400,7924400
2016-03-04,61.419998,61.540001,60.380001,61.259998,57.816200,7279400
2016-03-07,61.070000,61.139999,58.790001,59.250000,55.919205,12829600
2016-03-08,59.029999,60.599998,58.709999,59.810001,56.447720,9307900
2016-03-09,59.580002,59.619999,57.950001,58.330002,55.050915,12766900
2016-03-10,58.700001,59.040001,57.970001,58.880001,55.570004,9402600
2016-03-11,59.130001,60.439999,59.130001,60.080002,56.702541,8834400
2016-03-14,60.189999,61.330002,60.099998,60.810001,57.391510,7090500
2016-03-15,60.500000,61.750000,60.360001,61.400002,57.948338,6188800
2016-03-16,61.470001,62.230000,61.290001,61.860001,58.382473,7018300
2016-03-17,61.759998,63.380001,61.740002,63.180000,59.628277,9926800
2016-03-18,63.549999,63.980000,62.849998,62.990002,59.448948,13192900
2016-03-21,63.549999,65.290001,63.400002,64.720001,61.081699,13635400
2016-03-22,64.830002,65.440002,64.169998,64.900002,61.251591,18212900
2016-03-23,61.330002,63.450001,61.150002,62.439999,58.929867,26987000
2016-03-24,62.060001,62.139999,61.119999,61.650002,58.184292,12231300
2016-03-28,61.580002,61.980000,61.250000,61.340000,57.891705,7899000
2016-03-29,61.259998,61.900002,61.250000,61.490002,58.033272,7837800
2016-03-30,61.770000,62.410000,61.770000,62.040001,58.552357,7859300
2016-03-31,61.990002,62.639999,61.310001,61.470001,58.014400,8257800
2016-04-01,61.220001,61.820000,61.150002,61.590000,58.127647,7555300
2016-04-04,61.730000,61.849998,59.419998,59.970001,56.598728,16523400
2016-04-05,59.619999,60.169998,59.439999,59.669998,56.315582,7554000
2016-04-06,59.599998,60.680000,59.189999,60.310001,56.919601,10201500
2016-04-07,59.790001,60.580002,59.709999,60.299999,56.910172,7092900
2016-04-08,60.490002,60.560001,59.320000,59.419998,56.079639,8761700
2016-04-11,59.730000,59.779999,57.820000,57.919998,54.663967,12593400
2016-04-12,58.000000,58.619999,56.889999,58.549999,55.258556,12471100
2016-04-13,59.020000,59.950001,58.830002,59.580002,56.230644,10629100
2016-04-14,59.709999,60.340000,59.439999,59.490002,56.145706,7785200
2016-04-15,59.020000,59.590000,58.389999,59.500000,56.155140,7653600
2016-04-18,59.380001,60.000000,59.380001,59.570000,56.221210,6075900
2016-04-19,59.959999,59.990002,59.330002,59.560001,56.211777,6594400
2016-04-20,59.430000,60.240002,59.430000,59.619999,56.268402,7177500
2016-04-21,60.529999,60.529999,59.709999,60.080002,56.702541,7156700
2016-04-22,60.180000,60.220001,58.970001,59.430000,56.089073,8294300
2016-04-25,59.340000,59.419998,58.759998,59.209999,55.881447,6117700
2016-04-26,59.310001,59.970001,59.270000,59.540001,56.192898,5582200
2016-04-27,59.630001,59.730000,58.630001,59.270000,55.938065,8094600
2016-04-28,58.950001,59.889999,58.419998,58.540001,55.249123,6028600
2016-04-29,58.410000,59.090000,58.099998,58.939999,55.626617,8178700
2016-05-02,59.090000,59.750000,58.990002,59.590000,56.240082,8647800
2016-05-03,59.240002,59.849998,59.029999,59.520000,56.174019,8061300
2016-05-04,59.230000,59.959999,58.820000,59.110001,55.787064,8062800
2016-05-05,58.939999,58.980000,58.000000,58.189999,54.918793,7846000
2016-05-06,58.160000,58.439999,57.380001,58.430000,55.145294,7308000
2016-05-09,58.590000,59.189999,58.450001,58.720001,55.419003,5604900
2016-05-10,58.610001,59.990002,58.610001,59.200001,55.872009,7600200
2016-05-11,58.500000,58.680000,56.849998,57.009998,53.805115,12823000
2016-05-12,57.520000,58.340000,57.310001,57.990002,54.730030,8083700
2016-05-13,57.740002,58.119999,57.279999,57.310001,54.088257,7392600
2016-05-16,57.270000,57.529999,56.630001,57.139999,53.927818,8045900
2016-05-17,57.150002,57.380001,56.650002,57.099998,53.890060,7620700
2016-05-18,56.759998,56.869999,55.669998,56.119999,52.965153,11532800
2016-05-19,55.820000,57.299999,55.669998,57.040001,53.833431,9376500
2016-05-20,55.880001,57.060001,55.410000,56.480000,53.304920,13745300
2016-05-23,56.599998,56.970001,55.950001,55.990002,52.842464,7780700
2016-05-24,56.049999,56.770000,55.860001,56.590000,53.408730,11098700
2016-05-25,56.470001,56.689999,55.770000,55.990002,52.842464,9921500
2016-05-26,56.049999,56.360001,55.599998,55.840000,52.700901,9063100
2016-05-27,56.169998,56.529999,55.980000,56.189999,53.031219,8525900
2016-05-31,56.410000,56.470001,55.169998,55.220001,52.115749,14233600
2016-06-01,53.330002,55.040001,52.919998,54.930000,51.842056,28409300
2016-06-02,54.220001,54.669998,54.220001,54.529999,51.614883,13901700
2016-06-03,54.290001,54.570000,53.400002,53.450001,50.592628,17265800
2016-06-06,53.770000,54.540001,53.689999,54.299999,51.397175,13808300
2016-06-07,54.160000,54.349998,53.549999,53.549999,50.687271,13334000
2016-06-08,53.830002,54.340000,53.660000,54.119999,51.226803,12068500
2016-06-09,54.110001,55.049999,53.880001,54.939999,52.002968,11609800
2016-06-10,54.639999,55.360001,54.549999,55.110001,52.163879,12183600
2016-06-13,55.000000,55.639999,54.880001,54.910000,51.974567,8582200
2016-06-14,54.580002,54.939999,54.080002,54.119999,51.226803,9585600
2016-06-15,54.240002,55.060001,54.240002,54.310001,51.406647,7498400
2016-06-16,53.540001,53.639999,52.939999,53.470001,50.611549,14456500
2016-06-17,53.450001,53.869999,53.160000,53.709999,50.838718,11007100
2016-06-20,54.230000,55.150002,54.230000,54.360001,51.453976,8429400
2016-06-21,54.459999,55.090000,54.439999,54.770000,51.842049,8278200
2016-06-22,55.000000,55.139999,54.529999,54.570000,51.652740,7019600
2016-06-23,55.110001,55.180000,53.950001,54.119999,51.226803,11219800
2016-06-24,52.360001,53.360001,52.180000,52.590000,49.778595,18481200
2016-06-27,52.000000,52.520000,51.480000,51.889999,49.116016,15265700
2016-06-28,52.040001,53.200001,51.570000,53.090000,50.251862,20837800
2016-06-29,54.500000,55.139999,52.889999,55.130001,52.182808,36084800
2016-06-30,55.290001,55.430000,54.599998,55.200001,52.249069,17350500
2016-07-01,55.070000,55.810001,54.910000,55.610001,52.637142,9285100
2016-07-05,55.340000,55.910000,55.009998,55.200001,52.249069,10256100
2016-07-06,54.880001,55.810001,54.820000,55.799999,52.816990,7863400
2016-07-07,55.799999,55.980000,55.560001,55.919998,52.930569,6948000
2016-07-08,56.099998,56.820000,56.090000,56.720001,53.687809,8645900
2016-07-11,56.830002,57.230000,56.709999,56.830002,53.791927,8122500
2016-07-12,57.090000,58.200001,57.070000,58.060001,54.956177,11164400
2016-07-13,58.180000,58.439999,57.730000,57.990002,54.889912,9126500
2016-07-14,58.299999,58.599998,58.150002,58.490002,55.363194,7488400
2016-07-15,58.590000,58.869999,57.869999,57.869999,54.776321,9225200
2016-07-18,58.000000,58.160000,57.740002,57.740002,54.653278,6478900
2016-07-19,57.459999,57.770000,57.150002,57.759998,54.672211,7442700
2016-07-20,57.990002,58.099998,57.740002,57.759998,54.672211,5872400
2016-07-21,57.990002,58.029999,56.570000,56.990002,53.943386,8262000
2016-07-22,56.820000,56.959999,56.430000,56.730000,53.697277,8614700
2016-07-25,56.869999,57.150002,56.459999,57.139999,54.085358,7256300
2016-07-26,57.200001,57.869999,56.250000,56.369999,53.356510,8546700
2016-07-27,56.500000,57.000000,55.470001,55.790001,52.807529,10295400
2016-07-28,55.590000,55.810001,54.980000,55.450001,52.485695,9574100
2016-07-29,55.270000,55.660000,55.209999,55.500000,52.533028,6353400
2016-08-01,55.730000,55.869999,55.299999,55.410000,52.447842,6268400
2016-08-02,55.230000,55.279999,54.779999,54.919998,51.984035,7145600
2016-08-03,54.549999,55.189999,54.279999,54.750000,51.823124,9687300
2016-08-04,54.959999,55.570000,54.650002,54.790001,51.860989,8678100
2016-08-05,55.320000,56.060001,55.169998,55.849998,52.864315,7512500
2016-08-08,56.130001,56.389999,55.680000,55.980000,52.987377,6307000
2016-08-09,56.080002,56.240002,55.689999,55.770000,52.788593,8044400
2016-08-10,55.950001,56.180000,55.070000,55.130001,52.182808,6881400
2016-08-11,55.630001,56.889999,55.480000,56.730000,53.697277,9539500
2016-08-12,56.700001,56.759998,56.130001,56.450001,53.432240,5393400
2016-08-15,56.650002,57.060001,56.619999,56.770000,53.735134,4836300
2016-08-16,56.799999,57.040001,56.419998,56.880001,53.839260,4901800
2016-08-17,56.869999,56.970001,56.540001,56.860001,53.820324,7340500
2016-08-18,56.990002,57.459999,56.900002,57.209999,54.151608,6043600
2016-08-19,57.400002,59.139999,57.250000,58.900002,55.751270,15987100
2016-08-22,58.820000,59.459999,58.650002,58.660000,55.524097,8266000
2016-08-23,58.799999,59.799999,58.799999,59.619999,56.432785,8222800
2016-08-24,59.889999,60.330002,59.720001,60.220001,57.000698,11379000
2016-08-25,60.009998,60.150002,59.029999,59.240002,56.073093,8713900
2016-08-26,58.570000,59.200001,58.299999,59.000000,55.845921,9994300
2016-08-29,59.200001,59.250000,58.529999,58.630001,55.495701,5831000
2016-08-30,58.459999,58.759998,57.849998,58.000000,54.899380,6344600
2016-08-31,57.860001,58.279999,57.189999,57.639999,54.558620,7723600
2016-09-01,57.669998,58.549999,57.529999,58.540001,55.564758,8225000
2016-09-02,58.630001,59.180000,57.990002,58.020000,55.071182,6933100
2016-09-06,58.250000,58.380001,57.209999,57.410000,54.492180,9771800
2016-09-07,57.480000,57.779999,57.009998,57.720001,54.786430,7536100
2016-09-08,56.880001,57.270000,56.110001,56.169998,53.315201,12741900
2016-09-09,55.880001,56.000000,55.270000,55.330002,52.517899,11310400
2016-09-12,55.000000,56.119999,54.950001,56.009998,53.163342,7470900
2016-09-13,55.860001,55.939999,55.119999,55.369999,52.555859,7359400
2016-09-14,55.160000,55.560001,54.930000,55.130001,52.328060,7621200
2016-09-15,55.000000,55.540001,54.810001,55.470001,52.650776,6283900
2016-09-16,55.240002,55.360001,55.049999,55.180000,52.375515,11715400
2016-09-19,55.380001,55.470001,54.930000,54.950001,52.157207,7671300
2016-09-20,55.259998,55.439999,54.759998,54.869999,52.081272,8563000
2016-09-21,55.020000,55.380001,54.610001,55.340000,52.527390,8041700
2016-09-22,55.470001,55.980000,55.240002,55.410000,52.593830,8052400
2016-09-23,55.020000,55.709999,54.910000,55.150002,52.347042,8921700
2016-09-26,54.799999,55.000000,54.080002,54.400002,51.635166,11629600
2016-09-27,54.250000,55.540001,53.900002,55.340000,52.527390,17945200
2016-09-28,54.599998,55.000000,52.799999,53.250000,50.543610,33213000
2016-09-29,52.919998,53.580002,52.119999,52.160000,49.509007,16993900
2016-09-30,52.570000,53.060001,52.279999,52.650002,49.974102,12940200
2016-10-03,52.540001,53.000000,52.419998,52.669998,49.993080,7632500
2016-10-04,52.900002,53.060001,52.080002,52.139999,49.490017,10737400
2016-10-05,52.150002,52.639999,52.099998,52.119999,49.471043,7244100
2016-10-06,52.200001,52.330002,51.970001,52.029999,49.385616,9391700
2016-10-07,52.419998,52.459999,51.680000,51.790001,49.157814,8407100
2016-10-10,52.130001,52.250000,51.770000,51.790001,49.157814,5469300
2016-10-11,51.950001,52.250000,51.520000,51.820000,49.186287,9203500
2016-10-12,52.009998,52.709999,51.799999,52.439999,49.774769,9301300
2016-10-13,52.119999,52.320000,51.500000,52.029999,49.385616,8425800
2016-10-14,52.380001,52.500000,51.619999,51.619999,48.996456,7133800
2016-10-17,51.650002,51.750000,50.959999,51.029999,48.436440,7904000
2016-10-18,51.299999,51.660000,51.189999,51.220001,48.616791,6805200
2016-10-19,51.340000,51.840000,51.139999,51.799999,49.167301,6999000
2016-10-20,51.770000,52.360001,51.689999,51.889999,49.252728,6590500
2016-10-21,51.740002,51.869999,51.250000,51.770000,49.138824,9161000
2016-10-24,52.160000,52.290001,51.830002,51.869999,49.233749,7578200
2016-10-25,50.970001,51.439999,50.709999,51.049999,48.455421,14975300
2016-10-26,50.950001,52.270000,50.900002,51.970001,49.328667,12401100
2016-10-27,52.340000,52.340000,51.689999,51.889999,49.252728,7939200
2016-10-28,52.119999,52.500000,51.790001,52.020000,49.376118,9096700
2016-10-31,50.880001,51.150002,50.000000,50.180000,47.629639,17931300
2016-11-01,50.500000,50.509998,49.139999,49.619999,47.098099,14100400
2016-11-02,49.240002,50.270000,49.009998,49.720001,47.193024,10775900
2016-11-03,49.980000,50.000000,49.310001,49.730000,47.202511,7678700
2016-11-04,49.799999,50.450001,49.759998,49.959999,47.420826,9925200
2016-11-07,50.480000,50.930000,50.279999,50.910000,48.322540,8358700
2016-11-08,51.099998,51.490002,50.950001,51.080002,48.483894,8111400
2016-11-09,50.070000,51.270000,49.799999,51.119999,48.521866,9058600
2016-11-10,51.290001,51.369999,50.330002,50.389999,47.828976,12316100
2016-11-11,50.220001,50.849998,50.180000,50.770000,48.189667,6300600
2016-11-14,51.180000,51.189999,50.209999,50.209999,47.658108,8063900
2016-11-15,50.459999,50.639999,49.750000,50.130001,47.582180,9299800
2016-11-16,50.000000,50.799999,49.950001,50.680000,48.104240,6760300
2016-11-17,50.939999,51.669998,50.720001,51.590000,48.967983,7671600
2016-11-18,51.389999,51.889999,50.959999,51.099998,48.502884,7461600
2016-11-21,51.000000,51.419998,50.950001,51.279999,48.673740,5357200
2016-11-22,51.470001,51.750000,51.049999,51.709999,49.081882,5228100
2016-11-23,51.709999,51.849998,51.200001,51.340000,48.730690,4141600
2016-11-25,51.680000,51.740002,51.349998,51.520000,48.901543,2736800
2016-11-28,51.439999,51.439999,50.610001,51.009998,48.417461,8602100
2016-11-29,51.200001,51.369999,50.570000,50.630001,48.056778,6065700
2016-11-30,50.520000,50.810001,50.070000,50.070000,47.525238,8198400
2016-12-01,50.110001,51.250000,50.060001,50.650002,48.249207,7610100
2016-12-02,50.259998,50.680000,50.110001,50.459999,48.068211,6933300
2016-12-05,50.799999,52.270000,50.700001,51.849998,49.392326,12031200
2016-12-06,50.830002,51.099998,50.259998,50.570000,48.173008,12496300
2016-12-07,50.790001,52.250000,50.599998,52.099998,49.630478,10412600
2016-12-08,52.150002,52.470001,51.450001,51.549999,49.106544,9260900
2016-12-09,51.759998,51.970001,51.500000,51.720001,49.268497,5869800
2016-12-12,51.500000,51.900002,50.939999,51.540001,49.097027,11459500
2016-12-13,51.830002,53.220001,51.830002,52.299999,49.820995,11442300
2016-12-14,52.240002,52.340000,51.590000,51.790001,49.335178,8012800
2016-12-15,52.000000,52.040001,51.090000,51.290001,48.858871,9567500
2016-12-16,51.599998,51.639999,50.669998,50.919998,48.506413,13984900
2016-12-19,50.910000,51.360001,50.480000,50.849998,48.439732,9451700
2016-12-20,51.060001,51.990002,50.750000,51.790001,49.335178,15984100
2016-12-21,52.900002,53.349998,51.549999,52.299999,49.820995,23236400
2016-12-22,52.799999,53.000000,52.029999,52.139999,49.668583,11798900
2016-12-23,51.990002,52.349998,51.669998,51.910000,49.449490,9360800
2016-12-27,51.799999,52.250000,51.200001,51.290001,48.858871,8175000
2016-12-28,51.310001,51.500000,50.869999,51.020000,48.601673,6318000
2016-12-29,51.000000,51.240002,50.880001,51.060001,48.639774,4680800
2016-12-30,51.099998,51.330002,50.700001,50.830002,48.420685,7384300
2017-01-03,51.990002,52.500000,51.770000,51.980000,49.516171,13295600
2017-01-04,52.230000,53.349998,52.090000,53.070000,50.554516,13759500
2017-01-05,52.919998,53.099998,52.439999,53.060001,50.544979,8682200
2017-01-06,53.090000,54.090000,52.980000,53.910000,51.354687,12532400
2017-01-09,53.959999,53.990002,53.220001,53.380001,50.849815,8835300
2017-01-10,53.549999,53.730000,53.110001,53.110001,50.592617,8041900
2017-01-11,53.119999,53.290001,52.669998,52.689999,50.192513,8208300
2017-01-12,52.509998,52.689999,52.160000,52.400002,49.916256,7368700
2017-01-13,52.590000,52.930000,52.230000,52.919998,50.411621,6694400
2017-01-17,53.400002,53.950001,53.009998,53.650002,51.107018,9888500
2017-01-18,53.860001,53.889999,52.860001,53.270000,50.745022,6743100
2017-01-19,53.840000,53.939999,52.889999,52.930000,50.421146,8320600
2017-01-20,53.220001,53.349998,52.900002,53.200001,50.678352,7861000
2017-01-23,53.020000,53.259998,52.720001,53.240002,50.716446,7025700
2017-01-24,53.020000,53.570000,52.990002,53.450001,50.916496,6321300
2017-01-25,53.730000,54.119999,53.689999,53.860001,51.307060,6675000
2017-01-26,54.110001,54.119999,53.360001,53.650002,51.107018,6202000
2017-01-27,53.680000,54.080002,53.029999,53.189999,50.668816,7362000
2017-01-30,52.779999,53.220001,52.410000,53.080002,50.564034,9770800
2017-01-31,51.680000,52.900002,51.630001,52.900002,50.392563,12342900
2017-02-01,52.980000,53.259998,52.610001,53.020000,50.506878,8810900
2017-02-02,53.000000,53.009998,52.480000,52.799999,50.297310,7874200
2017-02-03,52.619999,52.810001,52.250000,52.360001,49.878162,8850400
2017-02-06,52.090000,52.799999,52.049999,52.799999,50.297310,7355200
2017-02-07,53.070000,53.279999,52.669998,52.810001,50.306828,6446900
2017-02-08,52.740002,53.939999,52.700001,53.880001,51.326103,9281100
2017-02-09,53.880001,55.700001,53.880001,55.310001,52.688332,14345400
2017-02-10,55.630001,56.470001,55.630001,56.220001,53.555195,14973400
2017-02-13,56.169998,56.340000,55.750000,56.090000,53.431358,7679800
2017-02-14,55.919998,56.689999,55.830002,56.450001,53.774288,8891400
2017-02-15,56.290001,56.759998,56.209999,56.639999,53.955292,6652000
2017-02-16,56.880001,56.919998,56.099998,56.290001,53.621868,8374200
2017-02-17,56.119999,56.799999,55.860001,56.750000,54.060070,12638000
2017-02-21,56.380001,57.450001,56.200001,57.360001,54.641167,10955000
2017-02-22,57.480000,58.380001,57.360001,58.240002,55.479450,10914100
2017-02-23,58.110001,58.400002,57.270000,57.389999,54.669735,12316300
2017-02-24,57.389999,58.419998,57.070000,57.860001,55.117455,9684500
2017-02-27,57.650002,57.830002,57.349998,57.689999,54.955509,4375700
2017-02-28,57.369999,57.549999,56.860001,57.160000,54.450638,7951300
2017-03-01,57.860001,58.029999,57.330002,57.950001,55.203190,8558900
2017-03-02,57.900002,58.250000,57.650002,57.799999,55.231861,6438400
2017-03-03,57.799999,57.799999,56.509998,56.700001,54.180733,9181600
2017-03-06,56.700001,56.930000,56.529999,56.770000,54.247627,6896800
2017-03-07,56.709999,56.990002,56.020000,56.549999,54.037395,7124400
2017-03-08,56.939999,56.939999,56.310001,56.509998,53.999176,7604800
2017-03-09,56.610001,56.660000,56.090000,56.360001,53.855846,6165700
2017-03-10,56.490002,56.990002,56.259998,56.430000,53.922726,8882400
2017-03-13,56.430000,56.820000,56.110001,56.669998,54.152073,7235900
2017-03-14,56.869999,58.009998,56.720001,57.279999,54.734966,9286900
2017-03-15,57.630001,57.990002,56.750000,57.660000,55.098076,10067500
2017-03-16,57.430000,57.720001,56.830002,57.599998,55.040749,9895000
2017-03-17,57.770000,57.889999,57.310001,57.799999,55.231861,10791500
2017-03-20,58.000000,58.810001,57.959999,58.680000,56.072754,13352500
2017-03-21,58.779999,59.000000,57.720001,58.009998,55.432526,15269800
2017-03-22,54.759998,55.000000,53.759998,53.919998,51.524258,37413400
2017-03-23,54.610001,55.549999,54.520000,55.369999,52.909832,23848300
2017-03-24,55.290001,56.639999,55.119999,56.360001,53.855846,14438600
2017-03-27,55.639999,56.250000,55.540001,55.930000,53.444946,8663600
2017-03-28,55.990002,56.779999,55.790001,56.619999,54.104298,7823900
2017-03-29,56.410000,57.099998,56.349998,56.680000,54.161621,7456200
2017-03-30,56.480000,56.599998,55.810001,56.040001,53.550056,7210500
2017-03-31,56.000000,56.029999,55.650002,55.730000,53.253841,5905600
2017-04-03,55.740002,55.799999,55.150002,55.560001,53.091396,7088800
2017-04-04,55.150002,55.299999,54.830002,55.040001,52.594490,8843300
2017-04-05,54.970001,55.799999,54.500000,54.980000,52.537163,7722100
2017-04-06,55.070000,55.939999,54.939999,55.139999,52.690052,6692200
2017-04-07,55.099998,55.240002,54.770000,55.110001,52.661381,6078300
2017-04-10,55.000000,55.330002,54.720001,54.900002,52.460716,5472700
2017-04-11,54.950001,55.070000,54.549999,54.919998,52.479828,4348600
2017-04-12,54.660000,55.619999,54.500000,55.570000,53.100941,8504100
2017-04-13,55.410000,55.599998,55.259998,55.340000,52.881165,5282100
2017-04-17,55.320000,56.340000,55.250000,56.240002,53.741180,7688700
2017-04-18,56.020000,56.419998,55.799999,56.110001,53.616951,5651100
2017-04-19,56.160000,56.220001,55.740002,55.860001,53.378056,5947700
2017-04-20,55.959999,56.689999,55.880001,56.400002,53.894070,6867100
2017-04-21,56.290001,56.380001,55.680000,55.849998,53.368496,6055600
2017-04-24,56.139999,56.209999,55.470001,55.470001,53.005383,10777700
2017-04-25,55.529999,55.770000,55.410000,55.450001,52.986275,8971000
2017-04-26,55.459999,55.840000,55.119999,55.160000,52.709160,10936000
2017-04-27,55.180000,55.570000,54.910000,55.470001,53.005383,8558000
2017-04-28,55.430000,55.529999,55.139999,55.410000,52.948055,6437700
2017-05-01,55.430000,55.450001,54.980000,54.990002,52.546711,4881400
2017-05-02,55.119999,55.160000,54.790001,55.070000,52.623150,7363600
2017-05-03,55.169998,55.299999,54.400002,54.529999,52.107143,9474700
2017-05-04,54.680000,54.830002,54.200001,54.470001,52.049820,6830600
2017-05-05,54.410000,54.500000,53.560001,53.950001,51.552921,13379900
2017-05-08,54.180000,54.509998,53.830002,54.299999,51.887360,8728100
2017-05-09,54.330002,55.080002,54.160000,54.889999,52.451157,6441200
2017-05-10,54.910000,55.060001,54.509998,54.560001,52.135818,5823000
2017-05-11,54.520000,54.520000,53.400002,54.240002,51.830036,6499600
2017-05-12,54.099998,54.389999,53.790001,54.200001,51.791817,5606300
2017-05-15,54.119999,54.200001,53.680000,53.770000,51.380909,8201700
2017-05-16,52.369999,53.380001,52.119999,52.779999,50.434898,14562700
2017-05-17,52.779999,52.869999,51.799999,51.799999,49.498440,18341500
2017-05-18,51.970001,52.080002,51.299999,51.680000,49.383785,22576500
2017-05-19,51.000000,52.110001,50.810001,51.770000,49.469784,20047800
2017-05-22,51.770000,51.959999,51.400002,51.570000,49.278664,13671500
2017-05-23,51.980000,52.630001,51.880001,52.200001,49.880684,11087300
2017-05-24,52.250000,52.299999,51.740002,52.009998,49.699127,9383600
2017-05-25,52.380001,52.590000,52.209999,52.349998,50.024010,7627500
2017-05-26,52.349998,52.759998,52.230000,52.590000,50.253353,5921300
2017-05-30,52.759998,53.020000,52.639999,52.919998,50.568687,8039600
2017-05-31,53.020000,53.279999,52.709999,52.990002,50.635574,8938800
2017-06-01,53.060001,53.299999,52.209999,52.299999,50.146568,13352100
2017-06-02,52.700001,53.009998,52.360001,52.980000,50.798573,18511200
2017-06-05,53.000000,53.230000,52.700001,53.009998,50.827339,5748900
2017-06-06,52.900002,53.099998,52.430000,52.480000,50.319157,8923000
2017-06-07,52.790001,53.360001,52.750000,53.230000,51.038280,7438300
2017-06-08,53.230000,54.139999,53.150002,53.200001,51.009521,7785600
2017-06-09,53.200001,53.470001,52.799999,53.459999,51.258812,8347400
2017-06-12,53.509998,54.250000,53.500000,54.029999,51.805340,9180000
2017-06-13,54.029999,54.660000,53.840000,54.310001,52.073814,8720100
2017-06-14,54.480000,54.669998,53.950001,54.660000,52.409409,6783900
2017-06-15,54.000000,54.049999,52.730000,52.900002,50.721867,16041100
2017-06-16,51.750000,51.840000,50.790001,51.099998,48.995979,25725500
2017-06-19,51.419998,52.220001,51.400002,52.020000,49.878109,11265300
2017-06-20,52.049999,52.130001,51.099998,51.560001,49.437042,10676500
2017-06-21,51.900002,52.689999,51.900002,52.590000,50.424637,13021700
2017-06-22,52.599998,52.619999,52.090000,52.400002,50.242458,10660700
2017-06-23,52.150002,52.919998,51.669998,52.849998,50.673931,8522400
2017-06-26,52.950001,53.570000,52.669998,53.279999,51.086224,7966200
2017-06-27,53.189999,53.259998,52.639999,52.950001,50.769810,7873100
2017-06-28,53.169998,53.610001,52.959999,53.360001,51.162930,7527200
2017-06-29,53.330002,53.630001,52.990002,53.169998,50.980755,14801900
2017-06-30,56.599998,59.709999,56.500000,59.000000,56.570702,46553000
2017-07-03,58.369999,59.009998,58.330002,58.650002,56.235119,9910000
2017-07-05,58.240002,58.290001,57.509998,57.560001,55.189995,16167000
2017-07-06,57.450001,57.720001,57.000000,57.160000,54.806465,9035700
2017-07-07,57.400002,58.080002,57.029999,57.980000,55.592705,8145400
2017-07-10,57.889999,58.810001,57.680000,58.730000,56.311821,8942400
2017-07-11,58.540001,58.930000,58.040001,58.180000,55.784466,7223000
2017-07-12,58.310001,58.750000,58.099998,58.220001,55.822830,7243100
2017-07-13,58.220001,58.580002,57.930000,57.939999,55.554340,8108600
2017-07-14,57.950001,58.209999,57.639999,58.000000,55.611877,6345300
2017-07-17,58.000000,58.349998,57.759998,57.790001,55.410534,6885000
2017-07-18,57.740002,58.080002,57.470001,57.650002,55.276291,4922500
2017-07-19,57.599998,57.880001,57.389999,57.770000,55.391350,4451100
2017-07-20,59.119999,59.590000,58.799999,59.099998,56.666584,11915500
2017-07-21,59.000000,60.000000,58.910000,59.950001,57.481598,11048300
2017-07-24,59.689999,59.770000,58.759998,58.950001,56.522762,7498900
2017-07-25,59.320000,59.520000,58.919998,59.389999,56.944653,5157100
2017-07-26,59.090000,59.130001,58.320000,58.360001,55.957054,5529500
2017-07-27,58.599998,58.680000,57.990002,58.150002,55.755707,8259900
2017-07-28,58.150002,58.740002,57.970001,58.669998,56.254292,5112800
2017-07-31,58.709999,59.119999,58.330002,59.049999,56.618645,6225900
2017-08-01,59.000000,59.939999,58.900002,59.840000,57.376122,9051700
2017-08-02,59.549999,59.950001,59.270000,59.790001,57.328182,4468100
2017-08-03,59.799999,60.529999,59.639999,60.139999,57.663769,5677200
2017-08-04,60.169998,60.340000,59.630001,59.759998,57.299416,4106000
2017-08-07,59.820000,60.099998,59.709999,59.790001,57.328182,4066700
2017-08-08,59.880001,60.119999,59.360001,59.459999,57.011765,5586400
2017-08-09,59.419998,59.970001,59.259998,59.900002,57.433643,5310900
2017-08-10,59.680000,59.689999,59.060001,59.070000,56.637825,5585100
2017-08-11,58.730000,59.270000,58.590000,58.970001,56.541950,4980000
2017-08-14,59.150002,60.000000,59.130001,59.779999,57.318592,5900000
2017-08-15,58.939999,59.009998,58.290001,58.560001,56.148830,8913000
2017-08-16,58.900002,59.049999,58.220001,58.540001,56.129642,5489600
2017-08-17,58.529999,58.740002,57.419998,57.459999,55.094109,9148600
2017-08-18,54.849998,55.419998,54.169998,54.950001,52.687462,22905200
2017-08-21,54.439999,54.439999,53.110001,53.610001,51.402641,14289300
2017-08-22,53.919998,54.410000,53.790001,54.130001,51.901226,8212800
2017-08-23,53.919998,54.080002,53.450001,53.610001,51.402641,6409400
2017-08-24,53.930000,53.970001,53.459999,53.840000,51.623169,5461900
2017-08-25,54.029999,54.200001,53.540001,53.900002,51.680695,6416600
2017-08-28,54.070000,54.430000,53.619999,53.730000,51.517693,5269400
2017-08-29,52.740002,52.880001,52.070000,52.730000,50.558865,12539900
2017-08-30,52.799999,52.959999,52.250000,52.560001,50.395859,7434500
2017-08-31,52.599998,52.980000,52.470001,52.810001,50.809582,7728900
2017-09-01,53.000000,53.450001,52.900002,53.360001,51.338745,5509800
2017-09-05,53.250000,53.470001,52.880001,53.009998,51.002003,6306500
2017-09-06,53.119999,53.340000,52.709999,52.759998,50.761478,7407600
2017-09-07,52.759998,52.849998,52.340000,52.389999,50.405483,6905800
2017-09-08,52.250000,52.509998,52.110001,52.200001,50.222687,8563300
2017-09-11,52.380001,53.130001,52.320000,53.029999,51.021244,8649900
2017-09-12,53.770000,54.090000,53.299999,53.400002,51.377232,7823700
2017-09-13,53.450001,53.639999,53.040001,53.520000,51.492687,6086000
2017-09-14,53.540001,53.889999,53.119999,53.730000,51.694725,7497400
2017-09-15,53.860001,54.060001,53.520000,53.869999,51.829426,10046800
2017-09-18,53.869999,54.160000,53.400002,53.500000,51.473446,8166400
2017-09-19,52.779999,54.049999,52.509998,53.330002,51.309895,14707200
2017-09-20,53.490002,53.639999,53.040001,53.560001,51.531162,7058000
2017-09-21,53.549999,53.639999,53.090000,53.189999,51.175186,8065400
2017-09-22,53.020000,53.610001,52.799999,53.240002,51.223297,10962400
2017-09-25,53.080002,53.560001,53.000000,53.230000,51.213665,12262400
2017-09-26,53.180000,53.970001,52.980000,53.700001,51.665871,16183700
2017-09-27,52.169998,52.689999,51.029999,52.669998,50.674881,36202500
2017-09-28,52.799999,53.029999,52.330002,52.630001,50.636406,11334700
2017-09-29,52.590000,52.820000,51.759998,51.849998,49.885948,12189900
2017-10-02,52.160000,52.209999,51.660000,51.869999,49.905190,7516200
2017-10-03,52.000000,52.049999,51.400002,51.470001,49.520344,8126700
2017-10-04,51.509998,52.130001,51.400002,52.080002,50.107231,8204300
2017-10-05,52.009998,52.320000,51.779999,52.180000,50.203449,5287400
2017-10-06,52.200001,52.459999,52.119999,52.419998,50.434353,5360300
2017-10-09,52.230000,52.299999,51.500000,51.520000,49.568447,6875100
2017-10-10,51.580002,51.820000,51.369999,51.529999,49.578060,8372700
2017-10-11,51.389999,51.520000,50.830002,51.029999,49.097008,9109600
2017-10-12,50.980000,51.119999,50.349998,50.830002,48.904587,10658400
2017-10-13,50.830002,51.070000,50.400002,50.980000,49.048908,16227900
2017-10-16,50.799999,51.410000,50.639999,51.369999,49.424118,9299300
2017-10-17,51.500000,52.040001,51.380001,52.000000,50.030262,9492700
2017-10-18,52.180000,52.400002,52.099998,52.299999,50.318897,10890300
2017-10-19,51.660000,52.799999,51.480000,52.689999,50.694118,12568200
2017-10-20,52.790001,53.500000,52.790001,53.060001,51.050106,13020900
2017-10-23,53.060001,53.950001,53.000000,53.660000,51.627380,12242600
2017-10-24,53.900002,54.000000,53.099998,53.419998,51.396481,14767600
2017-10-25,53.430000,55.910000,52.669998,54.939999,52.858891,24804000
2017-10-26,55.259998,57.250000,55.139999,56.810001,54.658062,22185100
2017-10-27,55.820000,56.360001,55.650002,55.959999,53.840256,12801800
2017-10-30,55.709999,55.930000,54.840000,55.270000,53.176395,10169400
2017-10-31,54.750000,55.279999,54.520000,54.990002,52.907005,9794800
2017-11-01,55.419998,55.500000,54.849998,55.070000,52.983978,7544500
2017-11-02,55.150002,55.320000,54.590000,55.119999,53.032078,7250300
2017-11-03,55.150002,55.720001,55.040001,55.709999,53.599731,9448200
2017-11-06,55.290001,56.130001,55.139999,56.040001,53.917229,9332200
2017-11-07,55.750000,56.020000,55.020000,55.150002,53.060944,7774700
2017-11-08,55.000000,55.770000,54.889999,55.759998,53.647831,7079400
2017-11-09,55.500000,56.349998,55.310001,56.130001,54.003822,10958500
2017-11-10,55.880001,56.490002,55.619999,56.090000,53.965332,7535700
2017-11-13,55.660000,56.090000,55.660000,55.910000,53.792152,10106100
2017-11-14,55.709999,56.180000,55.529999,55.980000,53.859505,5037500
2017-11-15,55.959999,56.869999,55.080002,56.630001,54.484886,6610500
2017-11-16,56.619999,57.279999,56.410000,57.230000,55.062157,8233300
2017-11-17,58.540001,59.529999,58.369999,59.189999,56.947910,15475500
2017-11-20,58.630001,59.500000,57.980000,59.250000,57.005634,8480600
2017-11-21,59.029999,59.400002,58.930000,59.389999,57.140339,9057800
2017-11-22,59.180000,59.340000,58.939999,59.070000,56.832458,8501300
2017-11-24,59.000000,59.349998,58.910000,59.320000,57.072987,3400400
2017-11-27,59.200001,59.700001,59.169998,59.630001,57.371246,7891600
2017-11-28,58.759998,59.599998,58.540001,59.580002,57.323139,8665300
2017-11-29,59.730000,60.630001,59.730000,60.360001,58.073593,12022800
2017-11-30,60.259998,61.209999,60.200001,60.419998,58.131317,12551200
2017-12-01,60.419998,60.430000,59.240002,59.880001,57.803108,10113500
2017-12-04,60.270000,60.700001,59.970001,60.099998,58.015472,7513200
2017-12-05,60.650002,60.799999,59.650002,60.419998,58.324375,8862900
2017-12-06,60.410000,60.849998,59.700001,59.720001,57.648663,7862200
2017-12-07,59.860001,61.060001,59.650002,60.599998,58.498138,6113300
2017-12-08,60.500000,61.369999,60.290001,61.299999,59.173851,6065200
2017-12-11,61.369999,62.220001,61.299999,61.910000,59.762699,9017800
2017-12-12,61.810001,62.529999,61.650002,62.169998,60.013683,7358000
2017-12-13,62.220001,64.459999,62.020000,64.300003,62.069809,16072600
2017-12-14,64.430000,64.849998,64.050003,64.529999,62.291824,13055100
2017-12-15,64.889999,65.070000,64.150002,64.790001,62.542809,15659300
2017-12-18,64.930000,65.080002,64.389999,64.809998,62.562119,12652000
2017-12-19,65.150002,65.190002,64.180000,64.239998,62.011887,8212500
2017-12-20,64.389999,64.500000,63.580002,63.590000,61.384434,12468600
2017-12-21,64.290001,64.980003,63.299999,64.769997,62.523491,14352300
2017-12-22,61.200001,63.540001,60.130001,63.290001,61.094822,20414200
2017-12-26,62.900002,63.889999,62.810001,63.650002,61.442352,4563500
2017-12-27,63.560001,63.599998,62.770000,62.950001,60.766632,8959700
2017-12-28,63.000000,63.320000,62.849998,62.950001,60.766632,3987200
2017-12-29,63.209999,63.369999,62.549999,62.549999,60.380497,5222100
2018-01-02,62.849998,63.490002,62.849998,63.490002,61.287899,6511000
2018-01-03,63.480000,63.660000,62.759998,63.480000,61.278240,6091100
2018-01-04,63.400002,63.549999,62.549999,63.439999,61.239632,5780500
2018-01-05,63.700001,64.300003,63.470001,63.980000,61.760906,11632300
2018-01-08,64.150002,64.709999,63.980000,64.550003,62.311138,11905700
2018-01-09,64.230003,64.720001,63.470001,64.089996,61.867088,8771300
2018-01-10,63.880001,64.230003,63.439999,64.220001,61.992588,5010600
2018-01-11,64.029999,64.309998,63.779999,64.290001,62.060154,5103500
2018-01-12,64.500000,64.720001,64.320000,64.669998,62.426956,5135700
2018-01-16,64.779999,65.360001,63.369999,63.419998,61.220329,9117000
2018-01-17,63.669998,64.010002,63.080002,63.810001,61.596802,7422600
2018-01-18,64.000000,64.209999,63.540001,64.110001,61.886398,5656900
2018-01-19,65.309998,67.239998,65.120003,67.209999,64.878868,12896100
2018-01-22,66.550003,66.830002,65.760002,66.389999,64.087326,8491800
2018-01-23,66.529999,67.330002,66.440002,67.139999,64.811287,6412000
2018-01-24,67.339996,68.180000,67.070000,68.000000,65.641472,7421800
2018-01-25,68.129997,68.639999,67.449997,67.709999,65.361534,5707600
2018-01-26,68.199997,68.639999,67.919998,68.040001,65.680092,6290500
2018-01-29,67.820000,68.139999,67.419998,67.580002,65.236046,5067300
2018-01-30,67.500000,68.309998,67.160004,67.330002,64.994713,6350500
2018-01-31,67.500000,68.830002,67.470001,68.220001,65.853851,11036400
2018-02-01,67.669998,67.970001,66.699997,67.650002,65.303619,5790500
2018-02-02,67.220001,67.790001,67.000000,67.220001,64.888542,9348300
2018-02-05,66.629997,67.209999,64.389999,64.389999,62.156681,12549500
2018-02-06,62.480000,65.419998,62.090000,65.220001,62.957901,13356700
2018-02-07,65.150002,66.839996,65.099998,65.629997,63.353676,8845700
2018-02-08,65.529999,65.709999,62.459999,62.490002,60.322586,14121800
2018-02-09,63.759998,66.050003,62.840000,65.489998,63.218521,13733300
2018-02-12,65.940002,66.820000,65.680000,65.980003,63.691540,9792200
2018-02-13,65.849998,66.230003,65.430000,65.870003,63.585346,9538400
2018-02-14,65.720001,68.029999,65.550003,67.959999,65.602852,8662600
2018-02-15,68.389999,68.760002,67.250000,68.290001,65.921425,7390200
2018-02-16,67.900002,69.000000,67.739998,68.300003,65.931076,6842100
2018-02-20,67.639999,67.970001,67.050003,67.489998,65.149162,4859100
2018-02-21,67.660004,68.019997,67.029999,67.050003,64.724434,5107900
2018-02-22,67.250000,67.480003,66.739998,67.129997,64.801643,6515800
2018-02-23,67.389999,68.160004,66.849998,68.160004,65.795937,4428500
2018-02-26,68.389999,69.809998,68.339996,69.650002,67.234245,6499500
2018-02-27,70.000000,70.250000,68.029999,68.029999,65.670433,6843100
2018-02-28,68.099998,68.300003,67.010002,67.029999,64.705116,6091800
2018-03-01,67.239998,67.669998,65.669998,66.320000,64.019737,7323900
2018-03-02,64.910004,66.089996,64.209999,65.889999,63.797050,8380500
2018-03-05,65.480003,65.489998,64.339996,65.050003,62.983742,8838400
2018-03-06,65.209999,65.360001,64.629997,65.239998,63.167694,6550100
2018-03-07,64.510002,64.790001,63.889999,64.169998,62.131683,6457600
2018-03-08,64.559998,65.250000,64.480003,65.110001,63.041824,5573000
2018-03-09,65.510002,66.510002,65.360001,66.300003,64.194023,5838400
2018-03-12,66.650002,67.610001,66.320000,66.820000,64.697517,7522700
2018-03-13,67.300003,67.690002,66.129997,66.169998,64.068146,5167300
2018-03-14,66.650002,66.900002,65.669998,66.199997,64.097191,6463800
2018-03-15,66.489998,66.610001,66.129997,66.389999,64.281181,5260800
2018-03-16,66.309998,66.690002,65.910004,65.910004,63.816425,12860900
2018-03-19,65.699997,66.339996,65.190002,65.709999,63.622768,7255600
2018-03-20,65.940002,66.870003,65.930000,66.800003,64.678154,6906200
2018-03-21,66.730003,67.209999,66.309998,66.349998,64.242432,5805200
2018-03-22,65.599998,66.150002,64.230003,64.419998,62.373734,12313300
2018-03-23,66.699997,67.110001,64.459999,64.629997,62.577076,17343800
2018-03-26,65.080002,66.059998,64.989998,65.900002,63.806728,10796000
2018-03-27,65.889999,67.639999,65.430000,66.169998,64.068146,9452500
2018-03-28,66.589996,67.150002,65.269997,65.440002,63.361347,7208400
2018-03-29,65.699997,66.550003,65.610001,66.440002,64.329575,10748300
2018-04-02,65.970001,66.050003,63.209999,64.120003,62.083275,12383900
2018-04-03,64.470001,66.730003,64.360001,66.699997,64.581314,8766400
2018-04-04,65.970001,68.500000,65.930000,68.419998,66.246681,10275800
2018-04-05,68.500000,69.779999,68.389999,69.589996,67.379517,9093300
2018-04-06,68.510002,69.309998,66.930000,67.550003,65.404312,9719300
2018-04-09,68.389999,68.550003,67.150002,67.180000,65.046082,6504500
2018-04-10,67.809998,67.879997,66.489998,67.000000,64.871796,10098900
2018-04-11,66.580002,67.199997,66.519997,66.830002,64.707191,5185500
2018-04-12,67.070000,68.000000,67.070000,67.769997,65.617325,5145300
2018-04-13,68.120003,68.330002,66.980003,67.250000,65.113853,4300200
2018-04-16,67.809998,67.980003,67.059998,67.059998,64.929871,6484400
2018-04-17,67.370003,67.669998,67.279999,67.510002,65.365585,5605700
2018-04-18,67.529999,67.739998,66.160004,66.199997,64.097191,7384000
2018-04-19,66.029999,66.300003,64.989998,65.730003,63.642132,8274300
2018-04-20,65.750000,66.110001,65.449997,66.089996,63.990692,10402800
2018-04-23,66.000000,67.029999,65.949997,66.879997,64.755600,6338400
2018-04-24,67.309998,67.510002,66.720001,66.970001,64.842743,8176100
2018-04-25,66.839996,67.000000,66.250000,66.669998,64.552277,5188900
2018-04-26,66.779999,68.290001,66.639999,68.050003,65.888443,5355200
2018-04-27,68.470001,70.000000,68.449997,69.559998,67.350494,7814900
2018-04-30,69.580002,69.809998,68.389999,68.389999,66.217628,6484100
2018-05-01,67.980003,68.209999,67.029999,68.099998,65.936844,4957800
2018-05-02,68.040001,68.559998,67.480003,68.260002,66.091759,5752100
2018-05-03,67.800003,67.849998,66.639999,66.900002,64.774971,6155900
2018-05-04,66.839996,68.330002,66.800003,68.099998,65.936844,5132900
2018-05-07,68.059998,69.419998,68.059998,69.339996,67.137451,5041600
2018-05-08,69.199997,69.230003,68.199997,68.459999,66.285400,6534900
2018-05-09,68.419998,68.470001,67.010002,67.949997,65.791626,7956300
2018-05-10,68.139999,68.269997,67.330002,67.919998,65.762566,4965200
2018-05-11,68.029999,68.529999,67.910004,68.430000,66.256371,4145100
2018-05-14,68.599998,68.889999,68.110001,68.839996,66.653343,3453800
2018-05-15,68.309998,69.519997,68.230003,69.500000,67.292381,5045000
2018-05-16,69.669998,71.510002,69.620003,71.339996,69.073921,9693000
2018-05-17,71.400002,71.599998,70.820000,70.940002,68.686646,6064700
2018-05-18,70.760002,71.589996,70.470001,71.320000,69.054581,5688100
2018-05-21,71.480003,71.699997,70.709999,71.379997,69.112648,5480700
2018-05-22,71.459999,72.190002,71.260002,71.309998,69.044884,5675300
2018-05-23,70.949997,71.919998,70.830002,71.339996,69.073921,6806400
2018-05-24,71.430000,72.279999,71.320000,72.180000,69.887260,5613800
2018-05-25,73.099998,73.489998,71.629997,72.250000,69.955040,5889700
2018-05-29,71.519997,71.610001,70.430000,70.919998,68.667274,5857900
2018-05-30,71.459999,72.290001,70.940002,72.230003,69.935669,5799900
2018-05-31,72.000000,72.220001,71.239998,71.800003,69.519333,7856200
2018-06-01,72.120003,72.949997,72.120003,72.760002,70.645615,4085900
2018-06-04,73.000000,73.870003,72.790001,73.830002,71.684517,4581900
2018-06-05,73.610001,74.220001,73.139999,74.050003,71.898125,4928700
2018-06-06,74.379997,74.940002,74.190002,74.750000,72.577774,5318100
2018-06-07,74.949997,75.910004,74.650002,74.760002,72.587494,6846300
2018-06-08,74.779999,75.070000,74.300003,74.900002,72.723427,5524900
2018-06-11,75.059998,75.209999,74.540001,74.589996,72.422424,4902800
2018-06-12,74.419998,74.610001,74.070000,74.290001,72.131149,4356500
2018-06-13,74.269997,74.900002,73.989998,74.110001,71.956375,4696200
2018-06-14,74.599998,75.150002,74.349998,74.699997,72.529228,4636000
2018-06-15,74.709999,75.849998,74.500000,75.839996,73.636108,10977300
2018-06-18,75.279999,75.760002,74.910004,75.610001,73.412781,4515900
2018-06-19,74.500000,74.919998,73.650002,74.260002,72.102020,7562200
2018-06-20,74.199997,74.910004,73.970001,74.720001,72.548645,4424900
2018-06-21,73.699997,74.790001,73.550003,73.940002,71.791321,5537900
2018-06-22,73.570000,74.410004,73.209999,73.430000,71.296150,9404900
2018-06-25,73.320000,73.360001,72.029999,72.349998,70.247536,9064100
2018-06-26,72.500000,73.290001,72.349998,72.559998,70.451416,7072600
2018-06-27,72.730003,72.949997,71.150002,71.349998,69.276573,7624700
2018-06-28,71.449997,72.120003,71.349998,71.699997,69.616417,9118500
2018-06-29,78.760002,81.000000,78.360001,79.680000,77.364525,31314100
2018-07-02,78.580002,79.480003,77.019997,78.349998,76.073166,11867000
2018-07-03,77.410004,77.889999,76.099998,76.279999,74.063324,5794900
2018-07-05,76.620003,77.419998,76.139999,76.550003,74.325485,6534500
2018-07-06,76.480003,77.080002,76.070000,76.480003,74.257515,5916200
2018-07-09,76.839996,77.379997,76.349998,77.279999,75.034256,4871400
2018-07-10,77.440002,78.089996,77.160004,77.570000,75.315842,6281800
2018-07-11,77.129997,77.639999,76.830002,77.360001,75.111923,3656600
2018-07-12,77.940002,78.180000,77.230003,77.370003,75.121643,4879200
2018-07-13,77.199997,77.610001,77.139999,77.379997,75.131363,2963100
2018-07-16,77.360001,78.099998,77.300003,77.750000,75.490608,4755100
2018-07-17,77.510002,78.019997,77.400002,77.470001,75.218735,4355400
2018-07-18,77.430000,77.620003,76.320000,76.589996,74.364311,6101600
2018-07-19,75.930000,77.160004,75.800003,76.949997,74.713837,4875100
2018-07-20,76.309998,77.080002,76.160004,76.959999,74.723564,5246400
2018-07-23,76.709999,76.949997,76.129997,76.589996,74.364311,4198200
2018-07-24,76.849998,77.089996,75.440002,75.529999,73.335121,6054000
2018-07-25,75.239998,77.180000,75.059998,77.160004,74.917747,5542400
2018-07-26,77.000000,78.440002,76.820000,78.150002,75.878975,6706200
2018-07-27,78.169998,78.410004,76.790001,76.889999,74.655594,6125700
2018-07-30,76.879997,76.959999,75.430000,75.959999,73.752617,7275300
2018-07-31,76.440002,77.589996,76.160004,76.910004,74.675018,8265600
2018-08-01,76.500000,78.059998,76.500000,77.540001,75.286713,6878300
2018-08-02,77.769997,79.070000,77.400002,78.650002,76.364464,5313800
2018-08-03,78.730003,78.980003,78.440002,78.739998,76.451836,3762100
2018-08-06,78.739998,79.580002,78.430000,79.510002,77.199463,4280600
2018-08-07,79.730003,80.629997,79.269997,80.529999,78.189819,5418900
2018-08-08,80.209999,81.080002,80.040001,80.500000,78.160675,5327100
2018-08-09,80.489998,81.879997,80.410004,81.260002,78.898598,4558500
2018-08-10,80.820000,81.290001,80.290001,80.730003,78.384010,5036700
2018-08-13,80.820000,81.150002,80.010002,80.150002,77.820869,4101200
2018-08-14,80.330002,80.849998,79.680000,80.139999,77.811150,6079700
2018-08-15,79.570000,79.860001,79.120003,79.570000,77.257721,5057200
2018-08-16,79.900002,80.610001,79.800003,80.050003,77.723763,5475800
2018-08-17,80.040001,80.440002,79.680000,79.750000,77.432480,9001400
2018-08-20,81.519997,82.419998,80.949997,82.180000,79.791862,9345200
2018-08-21,82.309998,83.080002,82.019997,82.949997,80.539482,6337000
2018-08-22,83.099998,83.680000,82.279999,82.639999,80.238487,4308300
2018-08-23,82.430000,83.570000,82.339996,82.910004,80.500664,4156900
2018-08-24,82.419998,82.879997,82.099998,82.449997,80.054024,3453000
2018-08-27,83.040001,83.449997,82.230003,82.650002,80.248207,4012400
2018-08-28,83.230003,83.629997,82.480003,82.580002,80.180252,3788800
2018-08-29,82.419998,83.099998,82.220001,82.790001,80.384125,5712400
2018-08-30,82.580002,82.760002,81.010002,81.400002,79.034531,7122100
2018-08-31,81.250000,82.250000,81.250000,82.199997,80.007866,5177100
2018-09-04,79.389999,80.970001,79.000000,79.599998,77.477203,18565800
2018-09-05,79.650002,80.320000,79.300003,79.919998,77.788673,12269100
2018-09-06,80.169998,80.839996,79.769997,80.400002,78.255875,8576900
2018-09-07,80.010002,81.160004,80.010002,80.300003,78.158539,6633900
2018-09-10,81.389999,82.440002,81.220001,82.099998,79.910538,6965600
2018-09-11,83.199997,83.580002,82.550003,82.629997,80.426399,7166800
2018-09-12,82.699997,83.040001,82.040001,83.000000,80.786537,5384300
2018-09-13,83.209999,83.900002,83.120003,83.470001,81.243988,5382100
2018-09-14,83.580002,83.839996,83.059998,83.489998,81.263451,4884400
2018-09-17,83.489998,83.930000,82.940002,83.260002,81.039619,4861100
2018-09-18,83.239998,85.349998,83.239998,85.260002,82.986259,7277700
2018-09-19,85.690002,85.849998,84.120003,84.430000,82.178406,8053100
2018-09-20,85.089996,85.870003,84.930000,85.370003,83.093330,6620300
2018-09-21,86.000000,86.040001,85.010002,85.550003,83.268547,13852700
2018-09-24,85.160004,85.260002,84.250000,84.269997,82.022667,8770400
2018-09-25,84.860001,85.099998,84.070000,84.790001,82.528793,10519500
2018-09-26,82.610001,84.730003,81.949997,83.699997,81.467865,16357100
2018-09-27,83.769997,84.919998,83.730003,84.540001,82.285477,6080600
2018-09-28,84.290001,85.269997,84.250000,84.720001,82.460663,7452700
2018-10-01,85.099998,85.849998,84.370003,84.459999,82.207596,7876400
2018-10-02,84.339996,84.550003,82.500000,82.769997,80.562675,8446900
2018-10-03,81.930000,82.959999,81.750000,82.500000,80.299873,10046700
2018-10-04,82.339996,82.480003,80.019997,80.180000,78.041740,9161100
2018-10-05,80.089996,80.989998,79.430000,80.120003,77.983345,7019100
2018-10-08,80.040001,80.540001,79.080002,80.230003,78.090401,8058700
2018-10-09,80.370003,81.489998,80.160004,80.419998,78.275330,7643400
2018-10-10,79.660004,80.040001,74.769997,74.940002,72.941483,12977800
2018-10-11,74.769997,77.070000,73.900002,74.510002,72.522942,11532100
2018-10-12,75.970001,76.860001,74.910004,75.910004,73.885612,10393800
2018-10-15,75.769997,76.160004,74.970001,74.989998,72.990143,5789000
2018-10-16,75.599998,77.650002,75.320000,77.480003,75.413757,7744200
2018-10-17,77.519997,77.800003,75.940002,76.480003,74.440407,6816900
2018-10-18,77.400002,77.410004,75.000000,75.599998,73.583885,7622200
2018-10-19,75.830002,76.050003,74.139999,74.209999,72.230934,7301200
2018-10-22,74.650002,75.209999,74.300003,74.900002,72.902550,7042500
2018-10-23,74.190002,74.379997,72.070000,73.349998,71.393875,11423800
2018-10-24,73.470001,74.610001,71.949997,72.120003,70.196671,8333900
2018-10-25,72.690002,73.500000,72.230003,73.099998,71.150551,7648000
2018-10-26,72.000000,72.709999,70.690002,72.070000,70.148026,8371100
2018-10-29,73.260002,74.010002,71.389999,72.190002,70.264824,9874200
2018-10-30,73.070000,74.639999,72.809998,74.510002,72.522942,9470000
2018-10-31,75.500000,76.339996,74.919998,75.040001,73.038818,8755500
2018-11-01,75.230003,76.839996,74.839996,76.790001,74.742142,6117800
2018-11-02,77.529999,78.589996,75.709999,76.580002,74.537758,6995100
2018-11-05,76.489998,77.769997,76.050003,77.529999,75.462418,7143300
2018-11-06,77.339996,77.580002,76.360001,76.570000,74.528015,6424200
2018-11-07,76.940002,78.230003,76.570000,77.970001,75.890678,5403900
2018-11-08,77.690002,78.160004,77.239998,77.779999,75.705750,5425000
2018-11-09,77.709999,77.769997,75.529999,76.360001,74.323608,4737600
2018-11-12,76.349998,76.769997,74.989998,75.099998,73.097214,5204900
2018-11-13,75.529999,76.269997,74.839996,75.199997,73.194542,4584600
2018-11-14,76.320000,77.489998,74.889999,75.199997,73.194542,7984200
2018-11-15,74.440002,74.669998,72.889999,74.330002,72.347763,7858300
2018-11-16,73.760002,75.519997,73.059998,74.739998,72.746819,8064200
2018-11-19,74.690002,74.750000,71.860001,72.519997,70.586006,6744900
2018-11-20,70.489998,72.070000,69.519997,71.120003,69.223351,9053900
2018-11-21,71.989998,72.900002,71.809998,72.370003,70.440041,7326100
2018-11-23,72.050003,72.519997,71.410004,71.489998,69.583481,2582300
2018-11-26,72.339996,73.000000,72.269997,72.709999,70.770943,6458300
2018-11-27,72.279999,72.550003,71.300003,72.089996,70.167465,5008000
2018-11-28,72.300003,74.760002,72.300003,74.660004,72.668945,6167200
2018-11-29,74.639999,74.949997,73.320000,74.339996,72.357475,5436700
2018-11-30,74.180000,75.480003,73.900002,75.120003,73.333694,7947300
2018-12-03,77.099998,79.000000,76.930000,77.940002,76.086655,10211800
2018-12-04,77.419998,78.400002,75.410004,75.790001,73.987778,8800400
2018-12-06,74.370003,75.570000,73.589996,75.540001,73.743729,9693700
2018-12-07,75.040001,75.970001,72.870003,73.339996,71.596008,6133700
2018-12-10,73.099998,73.709999,70.610001,72.510002,70.785774,7235000
2018-12-11,73.870003,74.570000,72.559998,73.570000,71.820564,7794500
2018-12-12,74.519997,75.279999,73.510002,74.320000,72.552719,6950400
2018-12-13,74.500000,74.589996,72.589996,72.930000,71.195778,7454800
2018-12-14,71.970001,73.650002,71.410004,72.529999,70.805283,7221200
2018-12-17,71.370003,71.769997,69.459999,69.900002,68.237839,10647700
2018-12-18,70.900002,72.410004,70.430000,71.150002,69.458107,7533300
2018-12-19,71.449997,72.000000,68.320000,68.970001,67.329948,8426100
2018-12-20,68.730003,69.570000,66.529999,67.529999,65.924194,14488500
2018-12-21,73.290001,74.290001,71.250000,72.370003,70.649117,28487900
2018-12-24,71.400002,71.930000,68.080002,68.099998,66.480637,8551400
2018-12-26,68.699997,73.010002,68.650002,73.010002,71.273865,10019200
2018-12-27,72.180000,73.730003,70.989998,73.669998,71.918167,9004900
2018-12-28,73.970001,74.459999,72.570000,73.339996,71.596008,6197000
2018-12-31,73.980003,74.459999,73.519997,74.139999,72.376999,5519100
2019-01-02,72.790001,74.639999,72.190002,74.059998,72.298897,6762700
2019-01-03,73.250000,73.320000,71.209999,72.750000,71.020050,8007400
2019-01-04,73.449997,75.120003,73.120003,74.650002,72.874878,7844200
2019-01-07,74.739998,76.360001,74.300003,75.720001,73.919434,8184800
2019-01-08,76.830002,77.400002,76.199997,76.730003,74.905426,8809000
2019-01-09,76.970001,77.150002,76.139999,76.589996,74.768738,8591000
2019-01-10,75.639999,77.339996,75.459999,76.419998,74.602798,11148600
2019-01-11,76.339996,76.889999,75.800003,76.040001,74.231834,10689900
2019-01-14,75.459999,76.809998,75.459999,76.089996,74.280632,5677400
2019-01-15,76.190002,77.980003,76.129997,77.879997,76.028076,6212400
2019-01-16,78.000000,78.849998,77.589996,77.680000,75.832825,5697100
2019-01-17,77.540001,79.400002,77.309998,79.129997,77.248360,7737300
2019-01-18,79.949997,80.970001,79.739998,80.449997,78.536949,10404100
2019-01-22,80.330002,81.309998,80.199997,80.750000,78.829834,8781700
2019-01-23,81.190002,81.400002,80.220001,80.500000,78.585770,5823000
2019-01-24,80.599998,80.870003,79.550003,80.440002,78.527206,4753200
2019-01-25,81.250000,81.330002,80.430000,80.610001,78.693153,4457100
2019-01-28,79.800003,80.510002,79.739998,80.320000,78.410034,5452000
2019-01-29,80.360001,80.830002,79.839996,80.220001,78.312439,4187500
2019-01-30,80.400002,81.290001,80.059998,81.279999,79.347221,5200200
2019-01-31,81.180000,81.949997,80.709999,81.879997,79.932961,8599200
2019-02-01,81.830002,81.900002,81.129997,81.510002,79.571754,5351900
2019-02-04,81.220001,82.000000,80.830002,81.989998,80.040344,4236600
2019-02-05,81.980003,83.190002,81.930000,82.860001,80.889656,6545600
2019-02-06,82.510002,82.709999,81.639999,82.709999,80.743217,3682800
2019-02-07,82.150002,82.849998,81.709999,82.389999,80.430824,4827500
2019-02-08,82.250000,82.720001,81.940002,82.360001,80.401543,3786500
2019-02-11,82.949997,83.830002,82.870003,83.680000,81.690155,6158500
2019-02-12,83.970001,84.839996,83.620003,84.709999,82.695648,6290300
2019-02-13,84.760002,85.589996,84.760002,85.400002,83.369247,5032800
2019-02-14,84.610001,85.139999,83.699997,84.680000,82.666374,5179000
2019-02-15,85.489998,85.779999,85.099998,85.379997,83.349724,6111300
2019-02-19,84.580002,85.050003,84.459999,84.570000,82.558983,5105900
2019-02-20,84.629997,84.949997,84.349998,84.839996,82.822563,6436100
2019-02-21,83.570000,84.150002,83.349998,83.949997,81.953728,8579200
2019-02-22,84.199997,85.019997,84.029999,84.760002,82.744469,4449500
2019-02-25,85.389999,85.730003,84.959999,85.169998,83.144722,6229700
2019-02-26,85.309998,86.080002,85.199997,85.800003,83.759743,6678700
2019-02-27,85.529999,86.220001,85.059998,86.169998,84.120949,4588200
2019-02-28,86.080002,86.400002,85.680000,85.730003,83.691406,4988100
2019-03-01,86.930000,87.989998,86.239998,87.160004,85.306320,6314900
2019-03-04,87.320000,87.989998,85.110001,85.639999,83.818642,7339500
2019-03-05,85.879997,86.250000,85.440002,85.440002,83.622894,4976300
2019-03-06,85.599998,85.989998,85.040001,85.129997,83.319481,3198000
2019-03-07,84.970001,85.410004,84.660004,85.260002,83.446724,4321800
2019-03-08,84.580002,84.879997,84.019997,84.800003,82.996498,4669700
2019-03-11,85.389999,85.940002,85.050003,85.820000,83.994827,3999800
2019-03-12,85.779999,86.080002,85.019997,85.430000,83.613106,4431600
2019-03-13,85.699997,86.660004,85.599998,85.930000,84.102486,5037800
2019-03-14,86.150002,86.879997,85.699997,86.870003,85.022484,5906100
2019-03-15,87.220001,87.610001,85.959999,86.800003,84.953979,11031400
2019-03-18,87.300003,87.839996,87.000000,87.820000,85.952286,7750700
2019-03-19,88.220001,88.589996,87.290001,87.690002,85.825043,6642200
2019-03-20,87.500000,87.580002,86.089996,86.690002,84.846313,5991500
2019-03-21,87.239998,88.120003,86.830002,88.010002,86.138245,10386900
2019-03-22,85.199997,85.900002,82.150002,82.190002,80.442009,21659800
2019-03-25,81.480003,83.220001,80.889999,82.330002,80.579033,15558300
2019-03-26,83.629997,84.089996,82.910004,83.379997,81.606705,9611900
2019-03-27,83.690002,83.800003,82.040001,83.089996,81.322868,6485100
2019-03-28,83.930000,84.720001,83.699997,84.040001,82.252663,6032700
2019-03-29,84.599998,84.849998,83.860001,84.209999,82.419060,6492000
2019-04-01,85.040001,85.320000,84.699997,85.230003,83.417374,6737400
2019-04-02,85.000000,85.260002,84.160004,84.370003,82.575645,4433800
2019-04-03,84.900002,84.989998,84.250000,84.470001,82.673523,4080900
2019-04-04,84.489998,85.379997,84.360001,85.279999,83.466293,3660700
2019-04-05,86.000000,86.160004,85.050003,85.400002,83.583748,7367400
2019-04-08,85.010002,85.290001,84.570000,84.730003,82.928001,4705800
2019-04-09,84.220001,84.599998,83.970001,84.279999,82.487549,3804500
2019-04-10,84.639999,85.010002,84.559998,84.879997,83.074799,3918400
2019-04-11,84.900002,85.050003,84.279999,85.000000,83.192268,3347400
2019-04-12,85.300003,86.489998,85.290001,86.239998,84.405884,6037000
2019-04-15,86.889999,87.239998,86.440002,86.830002,84.983330,5034900
2019-04-16,87.000000,87.949997,87.000000,87.800003,85.932709,4652700
2019-04-17,87.949997,88.970001,87.449997,88.730003,86.842926,5694900
2019-04-18,88.760002,90.000000,88.699997,89.199997,87.302925,7016600
2019-04-22,88.349998,88.639999,87.300003,87.360001,85.502068,5390500
2019-04-23,87.570000,87.669998,87.010002,87.430000,85.570580,7513700
2019-04-24,87.669998,88.820000,87.430000,88.389999,86.510162,8063000
2019-04-25,88.400002,88.540001,87.489998,87.559998,85.697800,7069900
2019-04-26,87.949997,88.940002,87.330002,88.309998,86.431862,6219600
2019-04-29,88.180000,88.510002,88.129997,88.260002,86.382919,5008400
2019-04-30,88.290001,88.400002,87.260002,87.830002,85.962067,7614100
2019-05-01,87.730003,87.949997,85.870003,85.900002,84.073120,6524600
2019-05-02,86.209999,86.279999,84.989998,85.269997,83.456512,6813700
2019-05-03,85.900002,86.300003,85.699997,85.699997,83.877373,6798300
2019-05-06,83.769997,83.870003,82.860001,83.570000,81.792656,12836600
2019-05-07,83.019997,83.629997,81.830002,82.540001,80.784576,9811300
2019-05-08,82.430000,83.989998,82.139999,82.769997,81.009689,9501300
2019-05-09,82.209999,83.010002,81.540001,82.980003,81.215210,6336600
2019-05-10,82.779999,84.269997,82.190002,83.949997,82.164574,5450500
2019-05-13,81.650002,82.629997,81.320000,82.529999,80.774780,6445200
2019-05-14,82.779999,84.000000,82.059998,83.669998,81.890533,7529200
2019-05-15,83.169998,84.489998,82.940002,84.010002,82.223305,4862200
2019-05-16,84.510002,85.400002,84.199997,84.279999,82.487549,6745200
2019-05-17,83.510002,85.519997,83.500000,84.570000,82.771393,5068200
2019-05-20,83.800003,83.800003,82.739998,82.849998,81.087982,7181900
2019-05-21,83.360001,83.800003,82.510002,83.639999,81.861183,5762500
2019-05-22,82.989998,83.339996,82.760002,83.199997,81.430534,5237800
2019-05-23,82.500000,83.059998,81.989998,82.639999,80.882439,9704200
2019-05-24,82.199997,83.169998,82.089996,82.160004,80.412659,5999000
2019-05-28,82.849998,83.190002,81.129997,81.199997,79.473061,7927300
2019-05-29,80.709999,80.860001,77.699997,78.870003,77.192627,10116900
2019-05-30,78.919998,79.730003,78.610001,79.260002,77.574333,6177800
2019-05-31,78.000000,78.260002,77.070000,77.139999,75.709557,8891100
2019-06-03,77.239998,78.580002,77.080002,77.959999,76.514359,11665500
2019-06-04,79.300003,81.650002,78.779999,81.620003,80.106483,7526800
2019-06-05,82.290001,82.900002,81.930000,82.720001,81.186089,8173200
2019-06-06,82.720001,83.059998,82.080002,82.449997,80.921089,4953000
2019-06-07,83.089996,83.680000,82.809998,83.410004,81.863297,3891100
2019-06-10,83.750000,84.199997,82.449997,82.580002,81.048683,4419800
2019-06-11,83.650002,84.339996,83.129997,83.260002,81.716080,3939400
2019-06-12,83.480003,84.019997,82.519997,82.629997,81.097755,4025900
2019-06-13,83.150002,83.919998,83.050003,83.610001,82.059593,3383400
2019-06-14,83.510002,83.860001,83.040001,83.440002,81.892738,4355600
2019-06-17,83.339996,83.459999,82.010002,82.110001,80.587395,5101900
2019-06-18,82.699997,84.650002,82.500000,84.300003,82.736794,6456500
2019-06-19,83.730003,83.900002,83.139999,83.550003,82.000702,6217700
2019-06-20,84.900002,85.669998,84.419998,85.239998,83.659363,6163800
2019-06-21,85.160004,85.750000,84.599998,85.750000,84.159889,9289800
2019-06-24,86.000000,86.849998,84.370003,84.500000,82.933075,8043300
2019-06-25,84.599998,84.690002,82.160004,82.620003,81.087944,7339900
2019-06-26,83.150002,83.690002,82.440002,82.550003,81.019249,5838500
2019-06-27,82.930000,83.769997,82.930000,83.660004,82.108658,11436700
2019-06-28,83.989998,84.750000,82.669998,83.949997,82.393272,12443800
2019-07-01,84.930000,86.279999,84.900002,85.410004,83.826218,6587300
2019-07-02,85.360001,85.470001,84.220001,84.959999,83.384544,7187200
2019-07-03,85.330002,86.290001,85.120003,86.199997,84.601555,4012800
2019-07-05,85.800003,86.910004,85.419998,86.820000,85.210052,6440900
2019-07-08,86.059998,88.519997,85.970001,88.480003,86.839287,7052000
2019-07-09,88.099998,88.800003,87.820000,88.040001,86.407440,6219700
2019-07-10,88.480003,88.940002,87.389999,87.440002,85.818565,5985500
2019-07-11,87.709999,88.300003,87.400002,88.290001,86.652794,3942400
2019-07-12,88.180000,89.309998,88.010002,89.120003,87.467415,4240900
2019-07-15,89.059998,89.870003,89.059998,89.480003,87.820755,3750900
2019-07-16,89.500000,89.709999,88.570000,88.599998,86.957047,5812800
2019-07-17,88.419998,88.690002,87.440002,87.500000,85.877457,4461500
2019-07-18,87.629997,87.760002,86.760002,87.440002,85.818565,4607000
2019-07-19,87.730003,87.879997,86.480003,86.550003,84.945068,6635300
2019-07-22,86.559998,86.989998,85.830002,85.970001,84.375816,6810300
2019-07-23,86.639999,87.099998,86.230003,86.699997,85.092285,5659900
2019-07-24,86.650002,87.209999,86.309998,86.699997,85.092285,6362900
2019-07-25,86.820000,87.500000,86.589996,87.279999,85.661537,4546400
2019-07-26,87.440002,87.839996,86.769997,87.540001,85.916702,3707200
2019-07-29,87.650002,87.870003,87.180000,87.620003,85.995224,4387300
2019-07-30,86.820000,87.910004,86.360001,87.199997,85.583000,3561200
2019-07-31,87.089996,87.269997,85.550003,86.029999,84.434708,5818200
2019-08-01,85.260002,86.769997,82.699997,83.120003,81.578682,7871800
2019-08-02,82.529999,83.239998,80.790001,81.139999,79.635399,8761400
2019-08-05,79.660004,80.050003,78.190002,78.970001,77.505630,8493300
2019-08-06,79.849998,81.589996,79.489998,81.300003,79.792419,8664500
2019-08-07,80.500000,81.820000,80.089996,81.279999,79.772789,6275000
2019-08-08,81.809998,83.360001,81.610001,83.000000,81.460899,6208900
2019-08-09,83.139999,83.430000,81.320000,81.980003,80.459808,5460200
2019-08-12,81.410004,81.949997,81.180000,81.650002,80.135925,3762500
2019-08-13,81.169998,84.150002,80.849998,83.320000,81.774971,6896800
2019-08-14,81.239998,81.690002,80.510002,81.029999,79.527428,7266100
2019-08-15,80.930000,81.300003,79.440002,79.510002,78.035622,6713600
2019-08-16,80.089996,80.559998,79.250000,80.279999,78.791336,5649000
2019-08-19,82.000000,82.339996,80.830002,81.129997,79.625572,7027900
2019-08-20,80.720001,81.230003,79.449997,80.529999,79.036690,5903100
2019-08-21,81.940002,82.839996,81.629997,82.739998,81.205711,6454200
2019-08-22,83.000000,83.720001,82.500000,83.309998,81.765152,5571600
2019-08-23,82.019997,82.760002,80.029999,80.440002,78.948364,8497800
2019-08-26,81.440002,82.279999,80.739998,82.250000,80.724800,4336000
2019-08-27,82.629997,83.180000,82.000000,82.029999,80.508865,3842500
2019-08-28,81.900002,83.589996,81.720001,83.480003,81.932007,4123700
2019-08-29,84.220001,85.769997,84.169998,85.379997,83.796761,5101900
2019-08-30,85.699997,85.989998,84.410004,84.500000,83.147316,5235400
2019-09-03,84.000000,84.830002,83.620003,84.669998,83.314606,6360800
2019-09-04,85.580002,86.500000,85.500000,86.349998,84.967705,4151200
2019-09-05,87.279999,88.620003,87.279999,88.419998,87.004570,6328400
2019-09-06,88.400002,88.980003,88.019997,88.690002,87.270256,3625300
2019-09-09,88.940002,89.349998,88.419998,88.669998,87.250572,4282400
2019-09-10,88.260002,88.629997,86.290001,86.830002,85.440025,7072400
2019-09-11,86.959999,87.250000,85.870003,86.750000,85.361305,4623300
2019-09-12,87.099998,88.070000,86.220001,87.669998,86.266571,4057500
2019-09-13,88.250000,88.790001,87.300003,87.320000,85.922195,5894700
2019-09-16,87.089996,87.820000,86.669998,87.269997,85.872986,4171700
2019-09-17,86.769997,87.639999,86.470001,87.589996,86.187851,3248400
2019-09-18,87.650002,88.400002,87.209999,88.080002,86.670006,4722200
2019-09-19,88.400002,88.720001,87.510002,87.699997,86.296104,4231200
2019-09-20,88.000000,88.489998,86.669998,86.680000,85.292427,6991100
2019-09-23,86.980003,88.019997,86.800003,87.690002,86.286263,4790000
2019-09-24,88.449997,88.690002,86.760002,87.180000,85.784416,10202900
2019-09-25,91.779999,92.790001,90.150002,90.809998,89.356308,25330700
2019-09-26,91.620003,92.449997,90.250000,92.169998,90.694550,10408300
2019-09-27,91.849998,92.860001,91.599998,92.309998,90.832298,6420500
2019-09-30,92.529999,94.080002,92.500000,93.919998,92.416534,7401200
2019-10-01,94.129997,94.750000,92.059998,92.279999,90.802788,8464900
2019-10-02,91.470001,91.839996,90.570000,91.489998,90.025436,6933900
2019-10-03,91.309998,92.320000,90.349998,92.220001,90.743752,5762300
2019-10-04,92.220001,93.169998,91.930000,93.070000,91.580139,4551400
2019-10-07,92.500000,93.919998,92.400002,93.169998,91.678551,4975400
2019-10-08,90.449997,92.709999,90.410004,91.750000,90.281273,6916800
2019-10-09,92.410004,93.050003,91.820000,92.519997,91.038948,5115900
2019-10-10,93.500000,93.500000,92.720001,93.000000,91.511253,5794100
2019-10-11,94.000000,94.570000,93.559998,93.879997,92.377174,6220100
2019-10-14,94.199997,95.250000,94.050003,94.879997,93.361168,4636000
2019-10-15,95.000000,95.180000,94.120003,94.790001,93.272606,4292500
2019-10-16,94.089996,95.139999,94.070000,94.879997,93.361168,4883300
2019-10-17,95.570000,95.889999,94.970001,95.559998,94.030281,3427400
2019-10-18,94.809998,96.459999,94.800003,96.099998,94.561623,6209200
2019-10-21,96.610001,96.870003,95.419998,96.220001,94.679718,5185800
2019-10-22,96.059998,96.830002,95.519997,95.599998,94.069626,5470100
2019-10-23,95.029999,95.540001,92.120003,92.320000,90.842140,11933600
2019-10-24,92.680000,92.870003,90.989998,91.500000,90.035278,12085800
2019-10-25,91.440002,91.830002,90.750000,90.919998,89.464546,8147200
2019-10-28,91.059998,91.300003,90.169998,90.849998,89.395676,10304700
2019-10-29,90.849998,90.919998,89.129997,89.279999,87.850807,9044700
2019-10-30,89.449997,90.269997,89.349998,90.190002,88.746246,8127500
2019-10-31,90.000000,90.410004,88.940002,89.550003,88.116486,6752000
2019-11-01,90.180000,90.529999,89.000000,89.180000,87.752419,5263600
2019-11-04,90.129997,90.559998,89.320000,89.860001,88.421532,8161200
2019-11-05,90.150002,90.339996,89.540001,89.879997,88.441193,5589700
2019-11-06,90.639999,90.720001,88.739998,89.480003,88.047623,7033800
2019-11-07,90.470001,90.599998,89.769997,90.400002,88.952888,7110000
2019-11-08,90.279999,90.349998,89.290001,89.809998,88.372330,4555400
2019-11-11,89.370003,90.099998,89.370003,90.050003,88.608490,3247300
2019-11-12,90.309998,92.029999,89.489998,89.500000,88.067276,3979600
2019-11-13,89.730003,91.550003,89.570000,91.290001,89.828636,5923600
2019-11-14,91.489998,91.959999,90.720001,91.269997,89.808952,6035300
2019-11-15,92.139999,93.559998,91.959999,93.040001,91.550629,6785500
2019-11-18,93.500000,94.260002,92.910004,94.180000,92.672379,6165600
2019-11-19,94.610001,95.120003,93.059998,93.610001,92.111496,5368400
2019-11-20,94.110001,94.400002,92.769997,93.050003,91.560455,6235400
2019-11-21,92.620003,93.300003,92.070000,92.160004,90.684715,5493100
2019-11-22,92.209999,93.349998,91.930000,93.339996,91.845818,4264400
2019-11-25,93.779999,93.970001,92.739998,92.900002,91.412865,5419700
2019-11-26,93.379997,93.629997,93.019997,93.330002,91.835983,5907400
2019-11-27,93.500000,94.379997,93.500000,94.139999,92.632996,4017400
2019-11-29,94.370003,94.610001,93.389999,93.489998,92.233452,2541800
2019-12-02,94.089996,94.279999,92.980003,93.559998,92.302513,3892000
2019-12-03,92.480003,92.550003,91.309998,92.459999,91.217300,5570700
2019-12-04,92.809998,93.790001,92.730003,93.720001,92.460365,4456400
2019-12-05,95.879997,95.949997,94.680000,95.790001,94.502533,6946000
2019-12-06,96.559998,97.309998,96.379997,97.000000,95.696281,6368500
2019-12-09,97.019997,97.629997,96.160004,96.629997,95.331245,6517800
2019-12-10,96.760002,97.589996,96.629997,97.010002,95.706146,4234300
2019-12-11,96.900002,97.320000,96.650002,97.180000,95.873856,4319700
2019-12-12,97.320000,98.180000,96.900002,97.720001,96.406601,4762800
2019-12-13,97.430000,98.290001,96.910004,97.769997,96.455925,5247600
2019-12-16,98.139999,99.339996,98.059998,98.809998,97.481956,8211300
2019-12-17,99.379997,100.169998,99.050003,99.650002,98.310654,7050700
2019-12-18,100.199997,100.790001,99.580002,100.570000,99.218285,7332000
2019-12-19,100.500000,101.269997,99.629997,101.150002,99.790504,12214500
2019-12-20,101.000000,101.400002,98.849998,99.959999,98.616493,17641600
2019-12-23,100.230003,100.690002,99.550003,100.040001,98.695419,6350500
2019-12-24,99.830002,100.660004,99.760002,100.139999,98.794083,3328100
2019-12-26,100.339996,100.750000,100.110001,100.709999,99.356407,3709900
2019-12-27,101.000000,101.790001,100.989998,101.570000,100.204857,5307500
2019-12-30,101.540001,101.610001,100.459999,100.800003,99.445206,3495200
2019-12-31,100.580002,101.389999,100.510002,101.309998,99.948349,3213600
2020-01-02,101.360001,102.209999,101.019997,102.199997,100.826378,5644100
2020-01-03,100.589996,102.000000,100.309998,101.919998,100.550156,4541800
2020-01-06,100.949997,101.839996,100.870003,101.830002,100.461357,4612400
2020-01-07,101.809998,102.739998,100.809998,101.779999,100.412033,6719900
2020-01-08,101.309998,102.139999,100.849998,101.550003,100.185127,4942200
2020-01-09,101.940002,102.410004,101.389999,101.480003,100.116074,5007500
2020-01-10,101.889999,101.930000,100.760002,100.900002,99.543869,5135300
2020-01-13,101.000000,102.339996,100.820000,102.160004,100.786926,6722400
2020-01-14,102.449997,103.889999,102.349998,102.919998,101.536713,5088500
2020-01-15,103.250000,103.699997,102.480003,102.790001,101.408463,4209200
2020-01-16,102.879997,103.570000,102.849998,103.370003,101.980667,6571700
2020-01-17,103.430000,104.550003,103.339996,104.529999,103.125076,6271200
2020-01-21,104.250000,104.690002,103.809998,104.580002,103.174400,4854700
2020-01-22,105.000000,105.620003,104.419998,104.489998,103.085609,5031400
2020-01-23,104.029999,104.370003,102.620003,103.019997,101.635361,7102900
2020-01-24,103.589996,103.889999,101.660004,102.029999,100.658676,3839300
2020-01-27,98.209999,100.709999,98.010002,100.239998,98.892723,9841400
2020-01-28,100.339996,101.050003,99.519997,100.410004,99.060448,5673200
2020-01-29,101.070000,101.300003,99.169998,99.839996,98.498108,4503700
2020-01-30,99.019997,99.750000,97.370003,98.190002,96.870285,7065100
2020-01-31,98.110001,98.449997,95.919998,96.300003,95.005692,8780300
2020-02-03,99.000000,100.919998,98.570000,99.269997,97.935776,9727000
2020-02-04,101.910004,102.779999,101.260002,101.379997,100.017410,6559600
2020-02-05,101.760002,101.970001,99.529999,100.540001,99.188698,6108300
2020-02-06,100.900002,101.529999,100.160004,100.269997,98.922318,5641800
2020-02-07,99.809998,100.400002,98.970001,99.440002,98.103485,4121800
2020-02-10,99.220001,100.510002,99.000000,100.019997,98.675690,4213900
2020-02-11,100.070000,100.349998,99.440002,100.019997,98.675690,4871800
2020-02-12,100.739998,103.080002,100.440002,103.000000,101.615631,8075600
2020-02-13,102.510002,103.739998,101.680000,103.370003,101.980667,5386800
2020-02-14,103.529999,103.889999,102.449997,103.540001,102.148376,4305300
2020-02-18,103.000000,103.379997,101.610001,102.000000,100.629082,4916200
2020-02-19,102.660004,103.389999,102.430000,102.459999,101.082893,6200500
2020-02-20,102.459999,102.629997,100.550003,102.529999,101.151947,6427600
2020-02-21,102.000000,102.080002,99.629997,100.250000,98.902603,5750900
2020-02-24,95.540001,97.070000,95.250000,95.910004,94.620934,8364200
2020-02-25,96.349998,96.760002,92.620003,92.900002,91.651390,9602100
2020-02-26,93.080002,94.650002,91.989998,92.000000,90.763481,9308400
2020-02-27,90.000000,93.059998,88.500000,88.550003,87.359856,12825700
2020-02-28,86.029999,89.470001,85.150002,89.379997,88.423340,16552400
2020-03-02,89.599998,93.139999,87.910004,92.680000,91.688026,14102000
2020-03-03,92.739998,94.980003,90.570000,90.930000,89.956749,14767600
2020-03-04,92.080002,93.820000,90.839996,93.790001,92.786140,6904400
2020-03-05,91.260002,91.680000,89.940002,90.580002,89.610504,8851100
2020-03-06,88.360001,89.389999,85.879997,88.360001,87.414261,12336400
2020-03-09,81.889999,86.739998,80.919998,84.110001,83.209747,13272700
2020-03-10,86.690002,88.400002,82.879997,88.300003,87.354904,12755900
2020-03-11,84.000000,84.629997,82.070000,84.000000,83.100929,16172000
2020-03-12,78.230003,78.489998,73.000000,74.199997,73.405823,21534800
2020-03-13,78.199997,78.199997,71.760002,75.580002,74.771049,21859600
2020-03-16,65.279999,72.970001,63.369999,66.790001,66.075119,17976700
2020-03-17,67.510002,73.330002,62.400002,69.839996,69.092476,17122100
2020-03-18,64.790001,68.330002,60.000000,68.040001,67.311752,19498800
2020-03-19,67.040001,72.709999,64.150002,70.339996,69.587135,16177200
2020-03-20,71.510002,74.059998,67.199997,67.449997,66.728065,15761900
2020-03-23,65.000000,66.879997,60.580002,62.799999,62.127838,17690000
2020-03-24,65.699997,72.660004,64.000000,72.330002,71.555832,18849500
2020-03-25,80.110001,83.489998,76.199997,79.010002,78.164345,27053200
2020-03-26,80.169998,86.860001,80.010002,84.300003,83.397713,17200800
2020-03-27,81.699997,85.739998,79.510002,83.230003,82.339172,14183400
2020-03-30,84.000000,85.959999,81.500000,85.379997,84.466156,10960100
2020-03-31,85.129997,85.730003,82.400002,82.739998,81.854416,9610100
2020-04-01,79.489998,81.180000,78.529999,79.230003,78.381989,9771300
2020-04-02,79.000000,81.599998,77.160004,80.139999,79.282242,12731300
2020-04-03,79.360001,79.790001,77.910004,78.860001,78.015938,8476900
2020-04-06,81.910004,85.040001,81.209999,84.629997,83.724174,11266500
2020-04-07,88.699997,88.870003,84.029999,84.160004,83.259224,10468100
2020-04-08,84.699997,85.769997,83.610001,85.300003,84.387024,6642700
2020-04-09,86.690002,87.389999,85.160004,86.790001,85.861069,7773600
2020-04-13,85.800003,85.989998,84.139999,84.459999,83.556000,5077600
2020-04-14,85.949997,87.769997,85.480003,87.470001,86.533791,6397200
2020-04-15,84.870003,85.879997,83.709999,85.040001,84.129791,8053900
2020-04-16,85.430000,86.529999,84.550003,86.300003,85.376312,9373800
2020-04-17,89.000000,90.250000,88.360001,89.910004,88.947678,8111400
2020-04-20,88.430000,89.440002,87.519997,87.900002,86.959190,7244400
2020-04-21,85.989998,86.900002,85.089996,85.199997,84.288078,6597000
2020-04-22,86.980003,89.440002,86.419998,88.769997,87.819878,6463000
2020-04-23,88.940002,89.529999,87.260002,87.349998,86.415062,5343500
2020-04-24,88.889999,89.120003,87.650002,88.370003,87.424156,4450100
2020-04-27,88.379997,89.870003,87.309998,89.370003,88.413460,6875100
2020-04-28,90.550003,90.709999,88.629997,88.800003,87.849556,5145400
2020-04-29,90.000000,91.389999,87.830002,88.070000,87.127365,9461400
2020-04-30,87.000000,88.000000,86.510002,87.180000,86.246887,9371400
2020-05-01,85.669998,86.110001,84.809998,85.540001,84.624435,6151200
2020-05-04,84.680000,85.800003,84.309998,85.750000,84.832191,6348900
2020-05-05,86.540001,88.529999,86.029999,87.199997,86.266678,6321500
2020-05-06,88.050003,88.690002,87.430000,88.440002,87.493408,7342300
2020-05-07,89.400002,90.239998,88.379997,88.559998,87.612114,4565900
2020-05-08,90.110001,90.639999,89.589996,90.459999,89.491776,5488000
2020-05-11,89.449997,91.419998,89.139999,90.930000,89.956749,4937600
2020-05-12,91.529999,91.669998,88.150002,88.260002,87.315338,5622600
2020-05-13,87.379997,87.739998,85.199997,86.019997,85.099297,6739800
2020-05-14,85.000000,86.580002,84.110001,86.550003,85.623634,7431800
2020-05-15,85.250000,87.230003,84.879997,86.989998,86.058922,9165000
2020-05-18,90.489998,91.599998,89.879997,91.040001,90.065575,8517200
2020-05-19,90.849998,93.820000,90.820000,91.510002,90.530548,6514100
2020-05-20,93.199997,93.860001,92.699997,92.949997,91.955132,6347000
2020-05-21,92.879997,94.379997,92.370003,94.260002,93.251122,7504300
2020-05-22,94.419998,94.650002,93.349998,93.750000,92.746567,4049500
2020-05-26,95.980003,97.430000,95.279999,96.620003,95.585854,7185200
2020-05-27,98.120003,99.989998,97.620003,99.870003,98.801071,7915900
2020-05-28,100.089996,100.690002,98.250000,98.459999,97.406151,7260700
2020-05-29,98.190002,99.250000,96.930000,98.580002,97.768158,10332500
2020-06-01,98.400002,99.779999,97.889999,99.540001,98.720245,4295400
2020-06-02,99.419998,100.879997,98.820000,100.739998,99.910362,10798700
2020-06-03,101.260002,104.550003,101.120003,104.110001,103.252609,5867700
2020-06-04,103.660004,103.900002,100.470001,101.279999,100.445908,8775000
2020-06-05,104.000000,104.690002,102.129997,102.709999,101.864143,8363600
2020-06-08,103.050003,104.300003,102.709999,104.290001,103.431129,6165400
2020-06-09,102.820000,103.769997,102.430000,102.629997,101.784805,5385900
2020-06-10,103.000000,103.150002,101.709999,102.120003,101.278999,5194200
2020-06-11,98.379997,98.989998,94.879997,95.169998,94.386230,10976900
2020-06-12,97.800003,97.800003,94.739998,96.430000,95.635864,7416400
2020-06-15,93.900002,98.080002,93.440002,97.839996,97.034241,8645300
2020-06-16,101.250000,101.339996,97.720001,99.040001,98.224365,6054400
2020-06-17,99.000000,100.239998,98.889999,99.209999,98.392960,3405500
2020-06-18,98.690002,99.419998,97.849998,98.449997,97.639221,4392400
2020-06-19,99.970001,99.980003,95.779999,95.779999,94.991211,10304000
2020-06-22,96.849998,99.540001,96.019997,99.510002,98.690498,6918200
2020-06-23,101.150002,102.220001,100.709999,101.919998,101.080643,6499000
2020-06-24,100.940002,101.849998,98.089996,100.080002,99.255791,8611600
2020-06-25,99.230003,101.680000,98.800003,101.400002,100.564941,11531400
2020-06-26,98.500000,98.779999,93.570000,93.669998,92.898590,24918500
2020-06-29,93.699997,96.000000,93.699997,95.870003,95.080467,9624200
2020-06-30,96.000000,98.300003,95.639999,98.050003,97.242516,9065500
2020-07-01,98.500000,98.720001,97.110001,97.400002,96.597870,5733800
2020-07-02,98.779999,99.660004,98.019997,98.430000,97.619392,5354900
2020-07-06,99.620003,100.029999,99.040001,99.949997,99.126869,4995000
2020-07-07,99.220001,99.550003,96.919998,97.070000,96.270584,6352900
2020-07-08,97.500000,98.980003,96.959999,98.839996,98.026001,5634600
2020-07-09,98.550003,98.910004,96.370003,96.989998,96.191238,6282300
2020-07-10,97.000000,98.050003,95.720001,97.989998,97.183014,3967000
2020-07-13,98.250000,98.940002,96.260002,96.459999,95.665611,4845600
2020-07-14,96.330002,97.250000,95.510002,96.760002,95.963142,4850600
2020-07-15,98.410004,99.040001,97.309998,98.540001,97.728477,5343700
2020-07-16,97.500000,98.230003,97.040001,97.260002,96.459023,3594700
2020-07-17,96.949997,97.230003,96.040001,96.279999,95.487091,7405700
2020-07-20,95.500000,96.349998,95.110001,95.650002,94.862282,5822300
2020-07-21,96.919998,99.000000,96.099998,98.360001,97.549965,5855600
2020-07-22,98.160004,98.989998,97.910004,98.910004,98.095444,4097000
2020-07-23,98.349998,100.180000,97.720001,98.300003,97.490456,4530500
2020-07-24,98.139999,99.360001,97.699997,98.430000,97.619392,5638400
2020-07-27,96.959999,98.400002,96.889999,97.209999,96.409431,4273400
2020-07-28,96.949997,97.470001,96.160004,96.269997,95.477173,3822600
2020-07-29,96.430000,97.550003,96.300003,96.970001,96.171410,6872400
2020-07-30,96.470001,97.230003,95.800003,96.820000,96.022644,4018400
2020-07-31,96.889999,97.650002,96.300003,97.610001,96.806137,5509900
2020-08-03,98.029999,99.290001,97.820000,98.330002,97.520210,5472700
2020-08-04,97.790001,97.949997,96.550003,97.330002,96.528450,7539300
2020-08-05,97.120003,101.250000,97.080002,100.940002,100.108719,7217500
2020-08-06,100.639999,101.180000,100.029999,100.449997,99.622757,4060900
2020-08-07,101.000000,101.910004,99.889999,101.860001,101.021149,5545600
2020-08-10,102.470001,106.830002,102.400002,105.410004,104.541901,12678000
2020-08-11,106.849998,107.330002,104.860001,105.120003,104.254303,5400700
2020-08-12,105.720001,105.889999,103.379997,105.220001,104.353462,4714800
2020-08-13,105.300003,106.989998,105.199997,106.519997,105.642761,4281700
2020-08-14,106.120003,106.779999,105.459999,106.430000,105.553505,2985700
2020-08-17,106.500000,106.500000,105.120003,105.660004,104.789848,3017000
2020-08-18,106.459999,107.000000,105.470001,106.970001,106.089058,5023000
2020-08-19,107.690002,109.690002,107.349998,108.389999,107.497360,9508100
2020-08-20,107.559998,108.739998,107.349998,108.010002,107.120499,4304000
2020-08-21,108.000000,109.769997,107.750000,109.750000,108.846161,5564000
2020-08-24,110.000000,112.000000,109.900002,111.830002,110.909035,8173100
2020-08-25,112.000000,112.279999,111.089996,111.510002,110.591675,4380900
2020-08-26,111.919998,112.089996,111.290001,111.529999,110.611496,4477900
2020-08-27,111.989998,112.790001,110.500000,110.839996,109.927185,4390800
2020-08-28,111.010002,112.669998,110.570000,112.290001,111.611954,3731100
2020-08-31,112.139999,112.519997,111.139999,111.889999,111.214363,3519800
2020-09-01,112.000000,114.900002,111.830002,114.839996,114.146538,4912400
2020-09-02,115.059998,117.410004,114.500000,116.800003,116.094719,6775400
2020-09-03,116.800003,116.900002,112.000000,112.849998,112.168571,7264400
2020-09-04,112.959999,113.750000,110.209999,112.400002,111.721291,5157600
2020-09-08,111.290001,113.839996,110.540001,112.720001,112.039352,5300100
2020-09-09,113.019997,116.209999,112.830002,114.900002,114.206200,5997900
2020-09-10,115.900002,118.230003,114.000000,114.790001,114.096863,5032800
2020-09-11,116.760002,119.250000,116.419998,118.000000,117.287468,8565200
2020-09-14,118.500000,119.930000,118.169998,119.279999,118.559738,4990300
2020-09-15,119.699997,120.480003,119.180000,119.269997,118.549797,5934200
2020-09-16,118.309998,119.690002,118.160004,118.589996,117.873909,7023700
2020-09-17,117.339996,118.550003,115.800003,116.360001,115.657372,7376400
2020-09-18,115.430000,117.910004,114.489998,114.660004,113.967644,12876600
2020-09-21,112.949997,114.059998,111.739998,113.370003,112.685432,8486400
2020-09-22,113.099998,117.199997,112.849998,116.870003,116.164299,13007200
2020-09-23,130.220001,130.380005,125.260002,127.110001,126.342453,37822700
2020-09-24,126.440002,127.540001,123.300003,124.750000,123.996712,13485800
2020-09-25,123.650002,124.750000,122.269997,124.230003,123.479851,9182800
2020-09-28,125.160004,126.190002,123.889999,124.320000,123.569305,7525000
2020-09-29,124.339996,127.099998,123.959999,126.349998,125.587044,7796400
2020-09-30,126.099998,127.279999,125.160004,125.540001,124.781937,8699700
2020-10-01,127.730003,127.730003,125.309998,126.639999,125.875298,5637200
2020-10-02,124.349998,126.800003,123.589996,126.639999,125.875298,7491100
2020-10-05,127.070000,128.500000,126.449997,127.910004,127.137642,8270300
2020-10-06,128.839996,130.440002,127.269997,127.650002,126.879196,5978000
2020-10-07,128.399994,130.410004,128.250000,130.059998,129.274643,4390500
2020-10-08,130.399994,130.929993,129.509995,129.710007,128.926758,3595600
2020-10-09,129.990005,131.190002,129.330002,130.979996,130.189087,4293400
2020-10-12,131.190002,131.339996,129.259995,129.460007,128.678268,5136500
2020-10-13,128.050003,129.869995,127.959999,129.199997,128.419830,4245000
2020-10-14,129.529999,129.600006,127.010002,127.660004,126.889137,3586600
2020-10-15,126.480003,129.100006,126.110001,129.000000,128.221054,4235800
2020-10-16,129.509995,130.190002,127.550003,128.000000,127.227089,6010900
2020-10-19,129.100006,129.779999,127.050003,127.430000,126.660530,5160800
2020-10-20,128.000000,129.899994,127.720001,128.490005,127.714134,3799200
2020-10-21,128.500000,131.380005,128.449997,129.429993,128.648438,4916300
2020-10-22,129.600006,130.259995,128.860001,130.020004,129.234894,2869900
2020-10-23,130.000000,130.600006,128.649994,129.990005,129.205078,4046300
2020-10-26,129.059998,129.619995,126.680000,128.369995,127.594849,5422500
2020-10-27,128.779999,129.490005,127.900002,127.989998,127.217140,2985700
2020-10-28,125.279999,126.400002,121.040001,122.080002,121.342834,8618300
2020-10-29,122.279999,124.190002,121.150002,122.860001,122.118126,4947000
2020-10-30,123.660004,123.660004,118.800003,120.080002,119.354912,7791600
2020-11-02,122.370003,124.099998,121.099998,122.389999,121.650963,4740400
2020-11-03,124.010002,125.500000,123.190002,124.589996,123.837669,3490900
2020-11-04,125.330002,128.929993,125.260002,127.339996,126.571075,5061800
2020-11-05,129.190002,130.410004,128.460007,129.699997,128.916824,3940000
2020-11-06,129.910004,129.910004,128.350006,128.899994,128.121643,2954000
2020-11-09,135.059998,136.350006,128.770004,128.949997,128.171341,7491700
2020-11-10,130.050003,130.119995,126.250000,127.709999,126.938835,8014700
2020-11-11,128.690002,129.800003,127.180000,127.660004,126.889137,6058700
2020-11-12,126.620003,127.839996,125.629997,126.639999,125.875298,4780400
2020-11-13,127.910004,128.600006,126.830002,128.279999,127.505402,3986100
2020-11-16,129.460007,130.320007,127.370003,130.110001,129.324356,6116200
2020-11-17,130.479996,132.600006,129.110001,132.210007,131.411682,7002900
2020-11-18,133.070007,133.979996,131.529999,131.630005,130.835175,5572800
2020-11-19,131.919998,132.110001,129.929993,131.910004,131.113480,4642800
2020-11-20,133.300003,133.529999,131.910004,132.979996,132.177017,4318100
2020-11-23,134.380005,134.889999,133.089996,134.130005,133.320084,6118400
2020-11-24,135.000000,135.990005,134.210007,134.699997,133.886627,7204700
2020-11-25,134.250000,135.800003,133.619995,135.539993,134.721542,4484500
2020-11-27,136.000000,136.130005,133.339996,134.250000,133.439346,3506800
2020-11-30,133.910004,135.289993,132.690002,134.699997,133.886627,9652500
2020-12-01,136.440002,136.500000,134.750000,135.440002,134.622162,3833100
2020-12-02,135.160004,136.320007,134.669998,135.580002,134.761322,4132700
2020-12-03,135.100006,137.949997,135.000000,136.960007,136.132980,4930900
2020-12-04,137.080002,137.399994,135.639999,137.190002,136.635956,4344000
2020-12-07,137.000000,138.860001,136.800003,138.750000,138.189651,4590800
2020-12-08,138.240005,140.440002,137.649994,139.119995,138.558151,6953600
2020-12-09,140.570007,140.570007,138.270004,138.789993,138.229477,4341300
2020-12-10,138.279999,139.139999,137.240005,137.580002,137.024368,4511000
2020-12-11,137.389999,138.139999,136.229996,137.410004,136.855072,4172400
2020-12-14,138.919998,139.000000,136.199997,136.279999,135.729630,7599000
2020-12-15,137.429993,139.440002,137.250000,139.389999,138.827057,7637000
2020-12-16,139.070007,140.490005,137.460007,138.339996,137.781296,6573400
2020-12-17,139.919998,140.740005,138.750000,140.500000,139.932587,8727000
2020-12-18,141.089996,141.139999,137.169998,137.279999,136.725586,17970800
2020-12-21,144.820007,147.949997,142.509995,144.020004,143.438354,16111300
2020-12-22,143.050003,143.470001,141.089996,142.449997,141.874695,6339400
2020-12-23,142.559998,143.600006,141.699997,141.759995,141.187485,3388300
2020-12-24,141.100006,142.190002,141.100006,141.600006,141.028152,1821900
2020-12-28,142.539993,142.919998,141.039993,142.429993,141.854767,4081500
2020-12-29,142.830002,143.059998,140.429993,141.570007,140.998276,3232400
2020-12-30,142.160004,142.610001,140.660004,141.580002,141.008209,3052100
2020-12-31,141.699997,141.789993,140.369995,141.470001,140.898666,2949900
2021-01-04,142.850006,142.970001,138.320007,140.100006,139.534210,6178500
2021-01-05,138.600006,141.660004,138.600006,141.229996,140.659637,4163100
2021-01-06,141.250000,143.570007,139.529999,142.350006,141.775116,6072900
2021-01-07,143.199997,145.639999,143.000000,144.949997,144.364609,5256900
2021-01-08,145.550003,146.820007,144.899994,146.350006,145.758957,3950500
2021-01-11,146.000000,147.100006,144.800003,147.050003,146.456116,4252000
2021-01-12,146.500000,146.850006,144.380005,145.050003,144.464203,3678800
2021-01-13,144.830002,145.130005,142.429993,143.039993,142.462311,3330100
2021-01-14,143.660004,144.899994,140.929993,141.300003,140.729340,4104000
2021-01-15,140.559998,142.380005,139.880005,140.720001,140.151688,6412400
2021-01-19,140.990005,141.220001,138.410004,139.270004,138.707550,6537800
2021-01-20,140.380005,143.210007,140.009995,142.800003,142.223282,4654400
2021-01-21,142.410004,143.809998,141.130005,141.610001,141.038086,4011200
2021-01-22,141.089996,141.880005,139.309998,139.350006,138.787231,4150500
2021-01-25,138.990005,139.179993,134.740005,137.550003,136.994492,5998700
2021-01-26,137.759995,137.850006,134.710007,135.100006,134.554382,5312300
2021-01-27,132.220001,132.860001,130.270004,131.020004,130.490875,7815900
2021-01-28,132.360001,136.369995,131.500000,134.720001,134.175934,6244600
2021-01-29,133.949997,135.029999,132.149994,133.589996,133.050476,7166100
2021-02-01,135.369995,136.050003,133.300003,135.710007,135.161926,4366800
2021-02-02,137.059998,139.860001,136.750000,139.589996,139.026245,7132800
2021-02-03,139.699997,140.059998,138.009995,138.630005,138.070145,4678600
2021-02-04,139.550003,141.050003,138.919998,140.630005,140.062057,4533700
2021-02-05,141.339996,145.570007,141.289993,145.110001,144.523956,6151500
2021-02-08,145.149994,145.880005,142.800003,143.410004,142.830826,6304300
2021-02-09,143.600006,144.220001,141.699997,141.789993,141.217361,3436300
2021-02-10,142.449997,142.600006,140.899994,142.460007,141.884659,4125700
2021-02-11,143.000000,144.350006,142.410004,143.539993,142.960297,3828700
2021-02-12,143.110001,143.449997,141.399994,142.119995,141.546036,3637000
2021-02-16,143.369995,143.369995,141.029999,141.710007,141.137695,4873400
2021-02-17,141.300003,144.559998,140.210007,143.990005,143.408478,6437100
2021-02-18,142.979996,145.389999,141.210007,145.089996,144.504028,4486800
2021-02-19,145.429993,145.500000,141.500000,142.020004,141.446442,7486000
2021-02-22,141.539993,142.460007,136.259995,136.669998,136.118042,8985900
2021-02-23,136.029999,136.830002,131.580002,136.130005,135.580231,10364100
2021-02-24,135.059998,135.960007,133.949997,135.649994,135.102158,6360900
2021-02-25,137.600006,139.179993,134.529999,135.539993,134.992599,5674300
2021-02-26,135.899994,136.850006,133.360001,134.779999,134.508591,6650200
2021-03-01,135.639999,139.149994,135.500000,137.649994,137.372803,5717800
2021-03-02,137.559998,138.259995,135.610001,137.020004,136.744080,5292700
2021-03-03,137.089996,137.410004,134.149994,134.259995,133.989624,4888400
2021-03-04,134.000000,135.130005,130.179993,132.039993,131.774094,7181500
2021-03-05,133.539993,133.679993,129.190002,133.350006,133.081467,5957100
2021-03-08,133.639999,135.630005,132.369995,134.559998,134.289032,4983000
2021-03-09,135.509995,138.000000,135.449997,135.949997,135.676224,5977800
2021-03-10,136.500000,138.199997,136.100006,137.589996,137.312927,4519600
2021-03-11,139.179993,142.199997,138.559998,141.190002,140.905685,5696500
2021-03-12,140.000000,140.910004,138.600006,140.449997,140.167160,4143200
2021-03-15,140.699997,145.000000,140.669998,144.940002,144.648132,5413900
2021-03-16,145.880005,146.149994,143.839996,144.649994,144.358704,5623000
2021-03-17,143.199997,146.149994,143.199997,144.820007,144.528381,5134400
2021-03-18,144.369995,146.660004,142.550003,143.169998,142.881683,10188400
2021-03-19,140.000000,142.860001,135.509995,137.490005,137.213135,24980400
2021-03-22,137.630005,138.809998,136.029999,138.270004,137.991562,7537300
2021-03-23,138.490005,140.639999,136.550003,137.119995,136.843872,5582600
2021-03-24,136.449997,137.919998,132.880005,133.160004,132.891861,8157600
2021-03-25,127.050003,129.389999,125.440002,128.639999,128.380951,18475800
2021-03-26,131.600006,133.190002,129.770004,132.990005,132.722198,10010500
2021-03-29,132.940002,133.910004,130.660004,133.490005,133.221191,7153900
2021-03-30,132.350006,133.350006,131.220001,132.949997,132.682266,6026600
2021-03-31,133.089996,134.179993,131.919998,132.889999,132.622391,6878900
2021-04-01,134.690002,134.690002,132.210007,132.529999,132.263123,5720600
2021-04-05,133.100006,135.679993,133.100006,135.119995,134.847900,5508900
2021-04-06,135.440002,137.710007,134.929993,137.160004,136.883804,4670100
2021-04-07,136.990005,138.240005,136.360001,136.539993,136.265030,6646000
2021-04-08,137.279999,137.309998,133.410004,133.679993,133.410797,8748400
2021-04-09,133.940002,135.500000,133.500000,135.449997,135.177231,6056800
2021-04-12,134.750000,136.899994,134.220001,136.639999,136.364838,5638200
2021-04-13,135.600006,135.990005,133.399994,133.539993,133.271072,8778200
2021-04-14,133.539993,134.179993,131.820007,132.259995,131.993652,7354100
2021-04-15,133.000000,134.070007,132.679993,133.669998,133.400818,6284800
2021-04-16,134.710007,134.770004,133.729996,134.309998,134.039536,6852500
2021-04-19,134.300003,134.380005,132.149994,132.570007,132.303040,5613600
2021-04-20,129.169998,129.899994,125.699997,127.110001,126.854034,13268700
2021-04-21,127.589996,130.330002,127.370003,129.899994,129.638412,7110900
2021-04-22,129.889999,130.369995,127.980003,129.179993,128.919861,6442900
2021-04-23,128.929993,130.649994,128.460007,130.190002,129.927826,7489000
2021-04-26,130.490005,131.699997,129.320007,131.600006,131.334991,8217800
2021-04-27,132.000000,132.789993,131.410004,132.110001,131.843964,5833100
2021-04-28,132.259995,132.330002,130.350006,130.710007,130.446793,8195400
2021-04-29,131.770004,134.119995,131.229996,133.259995,132.991638,6612500
2021-04-30,132.440002,133.880005,132.050003,132.619995,132.352936,5643600
2021-05-03,133.369995,134.449997,132.589996,133.029999,132.762115,5053000
2021-05-04,132.229996,132.589996,130.479996,131.550003,131.285095,6129500
2021-05-05,132.699997,134.220001,132.080002,132.210007,131.943771,6234200
2021-05-06,132.600006,133.839996,131.940002,133.490005,133.221191,5201000
2021-05-07,135.000000,139.360001,134.720001,137.809998,137.532486,10566700
2021-05-10,138.000000,138.899994,136.300003,136.399994,136.125320,5669300
2021-05-11,138.380005,138.380005,135.009995,137.119995,136.843872,8045400
2021-05-12,135.419998,136.820007,133.339996,133.389999,133.121384,5865100
2021-05-13,133.699997,135.029999,132.490005,133.610001,133.340942,6284300
2021-05-14,134.339996,136.679993,134.050003,135.929993,135.656265,4367900
2021-05-17,136.330002,137.070007,135.500000,136.410004,136.135315,3934200
2021-05-18,136.440002,137.470001,135.449997,135.559998,135.287018,5664700
2021-05-19,133.479996,133.970001,131.960007,132.960007,132.692261,5582300
2021-05-20,133.779999,134.210007,132.190002,133.270004,133.001633,4934800
2021-05-21,133.830002,134.169998,132.410004,132.660004,132.392868,5329700
2021-05-24,133.100006,134.350006,132.809998,134.059998,133.790039,4313200
2021-05-25,134.940002,135.169998,133.850006,134.320007,134.049515,4885800
2021-05-26,135.199997,137.919998,135.000000,136.889999,136.614334,6781500
2021-05-27,137.550003,138.309998,136.460007,136.559998,136.285004,12882300
2021-05-28,136.240005,137.350006,136.089996,136.460007,136.460007,4153500
2021-06-01,137.850006,138.050003,134.210007,134.509995,134.509995,5577900
2021-06-02,134.589996,135.490005,133.529999,134.169998,134.169998,5226100
2021-06-03,133.199997,134.690002,132.509995,134.169998,134.169998,5027400
2021-06-04,134.500000,134.940002,132.279999,133.740005,133.740005,5217100
2021-06-07,134.000000,135.199997,133.449997,133.949997,133.949997,3765000
2021-06-08,134.690002,134.720001,132.410004,133.350006,133.350006,4915200
2021-06-09,133.619995,134.899994,131.449997,131.839996,131.839996,6448100
2021-06-10,131.500000,132.570007,130.190002,130.979996,130.979996,6584100
2021-06-11,131.500000,131.990005,130.529999,131.940002,131.940002,5414500
2021-06-14,131.699997,132.050003,130.130005,131.360001,131.360001,5743600
2021-06-15,131.539993,131.750000,129.830002,130.289993,130.289993,5168100
2021-06-16,130.300003,131.169998,129.600006,130.399994,130.399994,7915500
2021-06-17,129.240005,129.880005,127.860001,128.919998,128.919998,8568100
2021-06-18,126.680000,129.029999,126.680000,128.410004,128.410004,9784800
2021-06-21,129.240005,130.759995,128.699997,130.080002,130.080002,6288500
2021-06-22,130.830002,132.690002,130.130005,132.479996,132.479996,6043800
2021-06-23,132.809998,133.699997,132.210007,133.100006,133.100006,4566000
2021-06-24,133.899994,134.820007,132.899994,133.600006,133.600006,11420500
2021-06-25,152.410004,154.589996,150.479996,154.350006,154.350006,46285400
2021-06-28,153.919998,154.050003,151.509995,152.360001,152.360001,13133300
2021-06-29,153.259995,156.399994,152.910004,155.949997,155.949997,10279900
2021-06-30,154.789993,155.339996,153.520004,154.490005,154.490005,10281800
2021-07-01,154.070007,158.210007,153.889999,158.000000,158.000000,9011500
2021-07-02,158.210007,159.970001,157.639999,159.740005,159.740005,6396700
2021-07-06,159.919998,160.440002,157.860001,160.110001,160.110001,6671000
2021-07-07,160.160004,161.500000,158.279999,160.160004,160.160004,5408300
2021-07-08,158.169998,160.820007,157.350006,160.630005,160.630005,6081600
2021-07-09,161.690002,161.960007,160.509995,161.000000,161.000000,5001800
2021-07-12,161.639999,162.429993,160.710007,161.820007,161.820007,4992200
2021-07-13,161.350006,162.309998,161.009995,161.589996,161.589996,5747700
2021-07-14,161.869995,162.729996,161.339996,161.539993,161.539993,4928000
2021-07-15,160.860001,162.199997,160.389999,161.690002,161.690002,6432500
2021-07-16,161.619995,161.699997,159.639999,159.850006,159.850006,6602900
2021-07-19,158.149994,158.820007,156.600006,157.869995,157.869995,7377100
2021-07-20,157.259995,160.429993,156.580002,159.740005,159.740005,4629200
2021-07-21,160.500000,161.429993,160.009995,161.080002,161.080002,5393100
2021-07-22,161.110001,163.750000,160.929993,163.679993,163.679993,4851500
2021-07-23,164.350006,166.449997,163.729996,166.360001,166.360001,4217700
2021-07-26,165.710007,166.529999,163.820007,165.089996,165.089996,3858800
2021-07-27,164.820007,165.610001,162.580002,164.570007,164.570007,4359000
2021-07-28,164.490005,165.899994,164.080002,165.460007,165.460007,4093600
2021-07-29,165.899994,167.029999,165.389999,166.990005,166.990005,3605600
2021-07-30,166.589996,167.869995,166.350006,167.509995,167.509995,5364400
2021-08-02,169.059998,169.979996,168.029999,168.750000,168.750000,5530900